OnTime_(ms),Time_(UTC),Speed_(km/h),Distance_(m),RPM,Lambda,Starter,Gear,Fuel_correction,Fuel_consumption_(km/l),Fuel_consumed_(g),Battery_voltage_(V),Oil_temperature_(C),Water_temperature_(C),Exhaust_temperature_(C), Air_Temperature_(C), Brake_front_(bar),Brake_rear_(bar),ecu_state, injection_duration_(us), injection_angle, burning, tuning_state
782.00,1970-00-00 00:00:00.782,0.00,0.00,0.00,0.80,0.00,0.00,1.00,0.00,0.00,13.38,0.00,0.00,0.00,0.00,0.00,-0.01,17.00,10.00,0.00,0.00,0.00
2874.00,1970-01-01 00:00:02.874,0.00,0.00,0.00,0.80,0.00,1.00,1.00,0.00,0.00,13.38,61.16,51.64,5.11,21.88,-0.30,-0.01,17.00,10.00,0.00,0.00,0.00
2974.00,1970-01-01 00:00:02.974,0.00,0.00,0.00,0.80,0.00,1.00,1.00,0.00,0.00,13.29,61.16,51.64,5.11,21.88,-0.29,-0.03,17.00,10.00,0.00,0.00,0.00
3074.00,1970-01-01 00:00:03.074,0.00,0.00,0.00,0.80,0.00,1.00,1.00,0.00,0.00,13.30,61.16,51.64,5.11,21.88,-0.31,-0.04,17.00,10.00,0.00,0.00,0.00
3174.00,1970-01-01 00:00:03.174,0.00,0.00,0.00,0.80,0.00,1.00,1.00,0.00,0.00,13.24,61.15,51.53,5.11,21.88,-0.28,-0.03,17.00,10.00,0.00,0.00,0.00
3274.00,1970-01-01 00:00:03.274,0.00,0.00,0.00,0.80,0.00,1.00,1.00,0.00,0.00,13.28,61.15,51.53,5.11,22.23,-0.36,-0.04,17.00,10.00,0.00,0.00,0.00
3374.00,1970-01-01 00:00:03.374,0.00,0.00,0.00,0.80,0.00,1.00,1.00,0.00,0.00,13.28,61.15,51.53,5.11,22.23,-0.31,-0.03,17.00,10.00,0.00,0.00,0.00
3474.00,1970-01-01 00:00:03.474,0.00,0.00,0.00,0.81,0.00,1.00,1.00,0.00,0.00,13.20,61.15,51.53,5.09,22.23,-0.31,-0.04,17.00,10.00,0.00,0.00,0.00
3574.00,1970-01-01 00:00:03.574,0.00,0.00,0.00,0.80,0.00,1.00,1.00,0.00,0.00,13.28,61.15,51.53,5.09,22.23,-0.32,-0.03,17.00,10.00,0.00,0.00,0.00
3674.00,1970-01-01 00:00:03.674,0.00,0.00,0.00,0.83,0.00,1.00,1.00,0.00,0.00,13.22,61.18,51.57,5.11,22.13,-0.29,-0.03,17.00,10.00,0.00,0.00,0.00
3774.00,1970-01-01 00:00:03.774,0.00,0.00,0.00,0.81,0.00,1.00,1.00,0.00,0.00,13.23,61.18,51.57,5.11,22.13,-0.32,-0.03,17.00,10.00,0.00,0.00,0.00
3874.00,1970-01-01 00:00:03.874,0.00,0.00,0.00,0.83,0.00,1.00,1.00,0.00,0.00,13.24,61.18,51.60,5.11,22.13,-0.31,-0.04,17.00,10.00,0.00,0.00,0.00
3974.00,1970-01-01 00:00:03.974,0.00,0.00,0.00,0.82,0.00,1.00,1.00,0.00,0.00,13.21,61.30,51.60,5.13,22.13,-0.31,-0.04,17.00,10.00,0.00,0.00,0.00
4074.00,1970-01-01 00:00:04.074,0.00,0.00,0.00,0.82,0.00,1.00,1.00,0.00,0.00,13.25,61.30,51.60,5.13,22.05,-0.32,-0.04,17.00,10.00,0.00,0.00,0.00
4174.00,1970-01-01 00:00:04.174,0.00,0.00,0.00,0.82,0.00,1.00,1.00,0.00,0.00,13.20,61.26,51.62,5.13,22.05,-0.30,-0.05,17.00,10.00,0.00,0.00,0.00
4274.00,1970-01-01 00:00:04.274,0.00,0.00,0.00,0.81,0.00,1.00,1.00,0.00,0.00,13.26,61.26,51.62,5.13,22.05,-0.34,-0.04,17.00,10.00,0.00,0.00,0.00
4374.00,1970-01-01 00:00:04.374,0.00,0.00,0.00,0.82,0.00,1.00,1.00,0.00,0.00,13.20,61.26,51.60,5.13,22.05,-0.31,-0.05,17.00,10.00,0.00,0.00,0.00
4474.00,1970-01-01 00:00:04.474,0.00,0.00,0.00,0.80,0.00,1.00,1.00,0.00,0.00,13.21,61.23,51.60,5.09,22.17,-0.31,-0.05,17.00,10.00,0.00,0.00,0.00
4574.00,1970-01-01 00:00:04.574,0.00,0.00,0.00,0.80,0.00,1.00,1.00,0.00,0.00,13.26,61.23,51.60,5.09,22.17,-0.32,-0.05,17.00,10.00,0.00,0.00,0.00
4674.00,1970-01-01 00:00:04.674,0.00,0.00,0.00,0.80,0.00,1.00,1.00,0.00,0.00,13.17,61.23,51.63,5.09,22.17,-0.32,-0.06,17.00,10.00,0.00,0.00,0.00
4774.00,1970-01-01 00:00:04.774,0.00,0.00,0.00,0.80,0.00,1.00,1.00,0.00,0.00,13.25,61.23,51.63,5.26,22.17,-0.35,-0.05,17.00,10.00,0.00,0.00,0.00
4874.00,1970-01-01 00:00:04.874,0.00,0.00,0.00,0.82,0.00,1.00,1.00,0.00,0.00,13.21,61.23,51.59,5.26,22.05,-0.28,-0.05,17.00,10.00,0.00,0.00,0.00
4974.00,1970-01-01 00:00:04.974,0.00,0.00,0.00,0.80,0.00,1.00,1.00,0.00,0.00,13.22,61.30,51.59,5.28,22.05,-0.33,-0.05,17.00,10.00,0.00,0.00,0.00
5074.00,1970-01-01 00:00:05.074,0.00,0.00,0.00,0.82,0.00,1.00,1.00,0.00,0.00,13.22,61.30,51.59,5.28,22.05,-0.31,-0.04,17.00,10.00,0.00,0.00,0.00
5174.00,1970-01-01 00:00:05.174,0.00,0.00,0.00,0.82,0.00,1.00,1.00,0.00,0.00,13.20,61.30,51.66,5.28,22.05,-0.31,-0.04,17.00,10.00,0.00,0.00,0.00
5274.00,1970-01-01 00:00:05.274,0.00,0.00,0.00,0.82,0.00,1.00,1.00,0.00,0.00,13.26,61.30,51.66,5.24,22.06,-0.32,-0.03,17.00,10.00,0.00,0.00,0.00
5374.00,1970-01-01 00:00:05.374,0.00,0.00,0.00,0.82,0.00,1.00,1.00,0.00,0.00,13.18,61.30,51.64,5.24,22.06,-0.30,-0.03,17.00,10.00,0.00,0.00,0.00
5474.00,1970-01-01 00:00:05.474,0.00,0.00,0.00,0.81,0.00,1.00,1.00,0.00,0.00,13.24,61.27,51.64,5.28,22.06,-0.34,-0.02,17.00,10.00,0.00,0.00,0.00
5574.00,1970-01-01 00:00:05.574,0.00,0.00,0.00,0.82,0.00,1.00,1.00,0.00,0.00,13.22,61.27,51.64,5.28,22.06,-0.28,-0.03,17.00,10.00,0.00,0.00,0.00
5674.00,1970-01-01 00:00:05.674,0.00,0.00,0.00,0.80,0.00,1.00,1.00,0.00,0.00,13.18,61.27,51.64,5.28,22.04,-0.31,-0.03,17.00,10.00,0.00,0.00,0.00
5774.00,1970-01-01 00:00:05.774,0.00,0.00,0.00,0.80,0.00,1.00,1.00,0.00,0.00,13.24,61.25,51.64,5.24,22.04,-0.32,-0.03,17.00,10.00,0.00,0.00,0.00
5874.00,1970-01-01 00:00:05.874,0.00,0.00,0.00,0.81,0.00,1.00,1.00,0.00,0.00,13.20,61.25,51.62,5.24,22.04,-0.31,-0.03,17.00,10.00,0.00,0.00,0.00
5974.00,1970-01-01 00:00:05.974,0.00,0.00,0.00,0.80,0.00,1.00,1.00,0.00,0.00,13.21,61.25,51.62,5.24,22.04,-0.33,-0.03,17.00,10.00,0.00,0.00,0.00
6074.00,1970-01-01 00:00:06.074,0.00,0.00,0.00,0.82,0.00,1.00,1.00,0.00,0.00,13.20,61.28,51.62,5.33,22.00,-0.29,-0.03,17.00,10.00,0.00,0.00,0.00
6174.00,1970-01-01 00:00:06.174,0.00,0.00,0.00,0.80,0.00,1.00,1.00,0.00,0.00,13.22,61.28,51.62,5.33,22.00,-0.31,-0.03,17.00,10.00,0.00,0.00,0.00
6274.00,1970-01-01 00:00:06.274,0.00,0.00,0.00,0.82,0.00,1.00,1.00,0.00,0.00,13.19,61.30,51.62,5.32,22.00,-0.32,-0.03,17.00,10.00,0.00,0.00,0.00
6374.00,1970-01-01 00:00:06.374,0.00,0.00,0.00,0.81,0.00,1.00,1.00,0.00,0.00,13.18,61.30,51.66,5.32,22.00,-0.31,-0.02,17.00,10.00,0.00,0.00,0.00
6474.00,1970-01-01 00:00:06.474,0.00,0.00,0.00,0.82,0.00,1.00,1.00,0.00,0.00,13.24,61.30,51.66,5.32,21.95,-0.33,-0.02,17.00,10.00,0.00,0.00,0.00
6574.00,1970-01-01 00:00:06.574,0.00,0.00,0.00,0.82,0.00,1.00,1.00,0.00,0.00,13.20,61.34,51.66,5.33,21.95,-0.30,-0.03,17.00,10.00,0.00,0.00,0.00
6674.00,1970-01-01 00:00:06.674,0.00,0.00,0.00,0.82,0.00,1.00,1.00,0.00,0.00,13.20,61.34,51.58,5.33,21.95,-0.34,-0.02,17.00,10.00,0.00,0.00,0.00
6774.00,1970-01-01 00:00:06.774,0.00,0.00,0.00,0.82,0.00,1.00,1.00,0.00,0.00,13.21,61.34,51.58,5.35,21.95,-0.28,-0.03,17.00,10.00,0.00,0.00,0.00
6874.00,1970-01-01 00:00:06.874,0.00,0.00,0.00,0.81,0.00,1.00,1.00,0.00,0.00,13.19,61.34,51.57,5.35,21.91,-0.32,-0.03,17.00,10.00,0.00,0.00,0.00
6974.00,1970-01-01 00:00:06.974,0.00,0.00,0.00,0.80,0.00,1.00,1.00,0.00,0.00,13.20,61.34,51.57,5.35,21.91,-0.33,-0.03,17.00,10.00,0.00,0.00,0.00
7074.00,1970-01-01 00:00:07.074,0.00,0.00,0.00,0.80,0.00,1.00,1.00,0.00,0.00,13.18,61.26,51.57,5.35,21.91,-0.31,-0.03,17.00,10.00,0.00,0.00,0.00
7174.00,1970-01-01 00:00:07.174,0.00,0.00,0.00,0.80,0.00,1.00,1.00,0.00,0.00,13.23,61.26,51.58,5.35,21.91,-0.34,-0.03,17.00,10.00,0.00,0.00,0.00
7274.00,1970-01-01 00:00:07.274,0.00,0.00,0.00,0.82,0.00,1.00,1.00,0.00,0.00,13.18,61.26,51.58,5.35,21.91,-0.30,-0.03,17.00,10.00,0.00,0.00,0.00
7374.00,1970-01-01 00:00:07.374,0.00,0.00,0.00,0.82,0.00,1.00,1.00,0.00,0.00,13.19,61.36,51.66,5.37,21.91,-0.31,-0.03,17.00,10.00,0.00,0.00,0.00
7474.00,1970-01-01 00:00:07.474,0.00,0.00,0.00,0.82,0.00,1.00,1.00,0.00,0.00,13.21,61.36,51.66,5.37,21.91,-0.32,-0.03,17.00,10.00,0.00,0.00,0.00
7574.00,1970-01-01 00:00:07.574,0.00,0.00,0.00,0.82,0.00,1.00,1.00,0.00,0.00,13.18,61.34,51.66,5.38,21.91,-0.31,-0.03,17.00,10.00,0.00,0.00,0.00
7674.00,1970-01-01 00:00:07.674,0.00,0.00,0.00,0.82,0.00,1.00,1.00,0.00,0.00,13.22,61.34,51.69,5.38,22.02,-0.33,-0.03,17.00,10.00,0.00,0.00,0.00
7774.00,1970-01-01 00:00:07.774,0.00,0.00,0.00,0.82,0.00,1.00,1.00,0.00,0.00,13.19,61.34,51.69,5.38,22.02,-0.30,-0.03,17.00,10.00,0.00,0.00,0.00
7874.00,1970-01-01 00:00:07.874,0.00,0.00,0.00,0.82,0.00,1.00,1.00,0.00,0.00,13.21,61.38,51.57,5.38,22.02,-0.31,-0.03,17.00,10.00,0.00,0.00,0.00
7974.00,1970-01-01 00:00:07.974,0.00,0.00,0.00,0.80,0.00,1.00,1.00,0.00,0.00,13.18,61.38,51.57,5.38,22.02,-0.29,-0.03,17.00,10.00,0.00,0.00,0.00
8074.00,1970-01-01 00:00:08.074,0.00,0.00,0.00,0.81,0.00,1.00,1.00,0.00,0.00,13.18,61.37,51.57,5.41,22.00,-0.31,-0.03,17.00,10.00,0.00,0.00,0.00
8174.00,1970-01-01 00:00:08.174,0.00,0.00,0.00,0.80,0.00,1.00,1.00,0.00,0.00,13.22,61.37,51.58,5.41,22.00,-0.32,-0.04,17.00,10.00,0.00,0.00,0.00
8274.00,1970-01-01 00:00:08.274,0.00,0.00,0.00,0.80,0.00,1.00,1.00,0.00,0.00,13.16,61.37,51.58,5.41,22.00,-0.32,-0.05,17.00,10.00,0.00,0.00,0.00
8374.00,1970-01-01 00:00:08.374,0.00,0.00,0.00,0.80,0.00,1.00,1.00,0.00,0.00,13.21,61.34,51.66,5.35,22.00,-0.35,-0.05,17.00,10.00,0.00,0.00,0.00
8474.00,1970-01-01 00:00:08.474,0.00,0.00,0.00,0.82,0.00,1.00,1.00,0.00,0.00,13.19,61.34,51.66,5.35,21.98,-0.29,-0.05,17.00,10.00,0.00,0.00,0.00
8574.00,1970-01-01 00:00:08.574,0.00,0.00,0.00,0.80,0.00,1.00,1.00,0.00,0.00,13.16,61.34,51.66,5.35,21.98,-0.32,-0.06,17.00,10.00,0.00,0.00,0.00
8674.00,1970-01-01 00:00:08.674,0.00,0.00,0.00,0.82,0.00,1.00,1.00,0.00,0.00,13.19,61.34,51.59,5.48,21.98,-0.32,-0.05,17.00,10.00,0.00,0.00,0.00
8774.00,1970-01-01 00:00:08.774,0.00,0.00,0.00,0.82,0.00,1.00,1.00,0.00,0.00,13.17,61.34,51.59,5.48,21.98,-0.31,-0.04,17.00,10.00,0.00,0.00,0.00
8874.00,1970-01-01 00:00:08.874,0.00,0.00,0.00,0.82,0.00,1.00,1.00,0.00,0.00,13.21,61.37,51.59,5.45,22.13,-0.33,-0.04,17.00,10.00,0.00,0.00,0.00
8974.00,1970-01-01 00:00:08.974,0.00,0.00,0.00,0.82,0.00,1.00,1.00,0.00,0.00,13.16,61.37,51.59,5.45,22.13,-0.30,-0.03,17.00,10.00,0.00,0.00,0.00
9074.00,1970-01-01 00:00:09.074,0.00,0.00,0.00,0.82,0.00,1.00,1.00,0.00,0.00,13.19,61.37,51.59,5.45,22.13,-0.32,-0.03,17.00,10.00,0.00,0.00,0.00
9174.00,1970-01-01 00:00:09.174,0.00,0.00,0.00,0.82,0.00,1.00,1.00,0.00,0.00,13.19,61.30,51.57,5.41,22.13,-0.31,-0.03,17.00,10.00,0.00,0.00,0.00
9274.00,1970-01-01 00:00:09.274,0.00,0.00,0.00,0.82,0.00,1.00,1.00,0.00,0.00,13.14,61.30,51.57,5.41,22.23,-0.31,-0.03,17.00,10.00,0.00,0.00,0.00
9374.00,1970-01-01 00:00:09.374,0.00,0.00,0.00,0.80,0.00,1.00,1.00,0.00,0.00,13.20,61.36,51.63,5.44,22.23,-0.32,-0.03,17.00,10.00,0.00,0.00,0.00
9474.00,1970-01-01 00:00:09.474,0.00,0.00,0.00,0.80,0.00,1.00,1.00,0.00,0.00,13.17,61.36,51.63,5.44,22.23,-0.30,-0.03,17.00,10.00,0.00,0.00,0.00
9574.00,1970-01-01 00:00:09.574,0.00,0.00,0.00,0.80,0.00,1.00,1.00,0.00,0.00,13.18,61.36,51.63,5.44,22.23,-0.34,-0.03,17.00,10.00,0.00,0.00,0.00
9674.00,1970-01-01 00:00:09.674,0.00,0.00,0.00,0.81,0.00,1.00,1.00,0.00,0.00,13.17,61.30,51.62,5.41,22.45,-0.30,-0.03,17.00,10.00,0.00,0.00,0.00
9774.00,1970-01-01 00:00:09.774,0.00,0.00,0.00,0.82,0.00,1.00,1.00,0.00,0.00,13.17,61.30,51.62,5.41,22.45,-0.32,-0.03,17.00,10.00,0.00,0.00,0.00
9874.00,1970-01-01 00:00:09.874,0.00,0.00,0.00,0.82,0.00,1.00,1.00,0.00,0.00,13.20,61.30,51.58,5.41,22.45,-0.32,-0.03,17.00,10.00,0.00,0.00,0.00
9974.00,1970-01-01 00:00:09.974,0.00,0.00,0.00,0.82,0.00,1.00,1.00,0.00,0.00,13.14,61.41,51.58,5.44,22.45,-0.31,-0.03,17.00,10.00,0.00,0.00,0.00
10074.00,2019-07-02 21:26:34.074,0.00,0.00,0.00,0.80,0.00,1.00,1.00,0.00,0.00,13.15,61.41,51.58,5.44,22.73,-0.36,-0.03,17.00,10.00,0.00,0.00,0.00
10174.00,2019-07-02 21:26:34.174,0.00,0.00,0.00,0.82,0.00,1.00,1.00,0.00,0.00,13.13,61.34,51.58,5.52,22.73,-0.31,-0.03,17.00,10.00,0.00,0.00,0.00
10274.00,2019-07-02 21:26:34.274,0.00,0.00,0.00,0.80,0.00,1.00,1.00,0.00,0.00,13.19,61.34,51.58,5.52,22.73,-0.31,-0.03,17.00,10.00,0.00,0.00,0.00
10374.00,2019-07-02 21:26:34.374,0.00,0.00,0.00,0.81,0.00,1.00,1.00,0.00,0.00,13.17,61.34,51.52,5.52,22.73,-0.29,-0.03,17.00,10.00,0.00,0.00,0.00
10474.00,2019-07-02 21:26:34.474,0.00,0.00,0.00,0.80,0.00,1.00,1.00,0.00,0.00,13.17,61.34,51.52,5.45,22.84,-0.31,-0.03,17.00,10.00,0.00,0.00,0.00
10574.00,2019-07-02 21:26:34.574,0.00,0.00,0.00,0.81,0.00,1.00,1.00,0.00,0.00,13.17,61.34,51.52,5.45,22.84,-0.32,-0.03,17.00,10.00,0.00,0.00,0.00
10674.00,2019-07-02 21:26:34.674,0.00,0.00,0.00,0.81,0.00,1.00,1.00,0.00,0.00,13.16,61.37,51.48,5.52,22.84,-0.30,-0.03,17.00,10.00,0.00,0.00,0.00
10774.00,2019-07-02 21:26:34.774,0.00,0.00,0.00,0.81,0.00,1.00,1.00,0.00,0.00,13.17,61.37,51.48,5.52,22.84,-0.35,-0.03,17.00,10.00,0.00,0.00,0.00
10874.00,2019-07-02 21:26:34.874,0.00,0.00,0.00,0.81,0.00,1.00,1.00,0.00,0.00,13.15,61.37,51.66,5.52,22.77,-0.30,-0.02,17.00,10.00,0.00,0.00,0.00
10974.00,2019-07-02 21:26:34.974,0.00,0.00,0.00,0.81,0.00,1.00,1.00,0.00,0.00,13.15,61.34,51.66,5.52,22.77,-0.31,-0.03,17.00,10.00,0.00,0.00,0.00
11074.00,2019-07-02 21:26:35.074,0.00,0.00,0.00,0.81,0.00,1.00,1.00,0.00,0.00,13.16,61.34,51.66,5.52,22.77,-0.32,-0.03,17.00,10.00,0.00,0.00,0.00
11174.00,2019-07-02 21:26:35.174,0.00,0.00,0.00,0.81,0.00,1.00,1.00,0.00,0.00,13.16,61.34,51.51,5.52,22.77,-0.32,-0.03,17.00,10.00,0.00,0.00,0.00
11274.00,2019-07-02 21:26:35.274,0.00,0.00,0.00,0.81,0.00,1.00,1.00,0.00,0.00,13.16,61.30,51.51,5.54,22.88,-0.33,-0.03,17.00,10.00,0.00,0.00,0.00
11374.00,2019-07-02 21:26:35.374,0.00,0.00,0.00,0.82,0.00,1.00,1.00,0.00,0.00,13.16,61.30,51.57,5.54,22.88,-0.30,-0.03,17.00,10.00,0.00,0.00,0.00
11474.00,2019-07-02 21:26:35.474,0.00,0.00,0.00,0.80,0.00,1.00,1.00,0.00,0.00,13.17,61.36,51.57,5.50,22.88,-0.33,-0.03,17.00,10.00,0.00,0.00,0.00
11574.00,2019-07-02 21:26:35.574,0.00,0.00,0.00,0.80,0.00,1.00,1.00,0.00,0.00,13.19,61.36,51.57,5.50,22.88,-0.29,-0.04,17.00,10.00,0.00,0.00,0.00
11674.00,2019-07-02 21:26:35.674,0.00,0.00,0.00,0.82,0.00,1.00,1.00,0.00,0.00,13.14,61.36,51.55,5.50,23.20,-0.32,-0.03,17.00,10.00,0.00,0.00,0.00
11774.00,2019-07-02 21:26:35.774,0.00,0.00,0.00,0.81,0.00,1.00,1.00,0.00,0.00,13.15,61.34,51.55,5.52,23.20,-0.33,-0.03,17.00,10.00,0.00,0.00,0.00
11874.00,2019-07-02 21:26:35.874,0.00,0.00,0.00,0.82,0.00,1.00,1.00,0.00,0.00,13.15,61.34,51.55,5.52,23.20,-0.31,-0.03,17.00,10.00,0.00,0.00,0.00
11974.00,2019-07-02 21:26:35.974,0.00,0.00,0.00,0.82,0.00,1.00,1.00,0.00,0.00,13.17,61.36,51.55,5.56,23.20,-0.31,-0.03,17.00,10.00,0.00,0.00,0.00
12074.00,2019-07-02 21:26:36.074,0.00,0.00,0.00,0.82,0.00,1.00,1.00,0.00,0.00,13.13,61.36,51.55,5.56,23.21,-0.29,-0.03,17.00,10.00,0.00,0.00,0.00
12174.00,2019-07-02 21:26:36.174,0.00,0.00,0.00,0.81,0.00,1.00,1.00,0.00,0.00,13.17,61.36,51.66,5.56,23.21,-0.32,-0.03,17.00,10.00,0.00,0.00,0.00
12274.00,2019-07-02 21:26:36.274,0.00,0.00,0.00,0.81,0.00,1.00,1.00,0.00,0.00,13.15,61.38,51.66,5.60,23.21,-0.33,-0.03,17.00,10.00,0.00,0.00,0.00
12374.00,2019-07-02 21:26:36.374,0.00,0.00,0.00,0.81,0.00,1.00,1.00,0.00,0.00,13.15,61.38,51.58,5.60,23.21,-0.32,-0.03,17.00,10.00,0.00,0.00,0.00
12474.00,2019-07-02 21:26:36.474,0.00,0.00,0.00,0.81,0.00,1.00,1.00,0.00,0.00,13.15,61.38,51.58,5.60,22.88,-0.31,-0.03,17.00,10.00,0.00,0.00,0.00
12574.00,2019-07-02 21:26:36.574,0.00,0.00,0.00,0.81,0.00,1.00,1.00,0.00,0.00,13.15,61.41,51.58,5.59,22.88,-0.30,-0.03,17.00,10.00,0.00,0.00,0.00
12674.00,2019-07-02 21:26:36.674,0.00,0.00,0.00,0.80,0.00,1.00,1.00,0.00,0.00,13.18,61.41,51.51,5.59,22.88,-0.32,-0.03,17.00,10.00,0.00,0.00,0.00
12774.00,2019-07-02 21:26:36.774,0.00,0.00,0.00,0.80,0.00,1.00,1.00,0.00,0.00,13.17,61.37,51.51,5.59,22.88,-0.29,-0.04,17.00,10.00,0.00,0.00,0.00
12874.00,2019-07-02 21:26:36.874,0.00,0.00,0.00,0.81,0.00,1.00,1.00,0.00,0.00,13.15,61.37,51.52,5.59,22.91,-0.32,-0.05,17.00,10.00,0.00,0.00,0.00
12974.00,2019-07-02 21:26:36.974,0.00,0.00,0.00,0.81,0.00,1.00,1.00,0.00,0.00,13.15,61.37,51.52,5.59,22.91,-0.34,-0.05,17.00,10.00,0.00,0.00,0.00
13074.00,2019-07-02 21:26:37.074,0.00,0.00,0.00,0.82,0.00,1.00,1.00,0.00,0.00,13.12,61.34,51.52,5.63,22.91,-0.31,-0.05,17.00,10.00,0.00,0.00,0.00
13174.00,2019-07-02 21:26:37.174,0.00,0.00,0.00,0.81,0.00,1.00,1.00,0.00,0.00,13.14,61.34,51.55,5.63,22.91,-0.31,-0.05,17.00,10.00,0.00,0.00,0.00
13274.00,2019-07-02 21:26:37.274,0.00,0.00,0.00,0.81,0.00,1.00,1.00,0.00,0.00,13.14,61.36,51.55,5.61,22.91,-0.29,-0.03,17.00,10.00,0.00,0.00,0.00
13374.00,2019-07-02 21:26:37.374,0.00,0.00,0.00,0.81,0.00,1.00,1.00,0.00,0.00,13.13,61.36,51.60,5.61,22.91,-0.31,-0.03,17.00,10.00,0.00,0.00,0.00
13474.00,2019-07-02 21:26:37.474,0.00,0.00,0.00,0.81,0.00,1.00,1.00,0.00,0.00,13.15,61.36,51.60,5.61,22.91,-0.32,-0.02,17.00,10.00,0.00,0.00,0.00
13574.00,2019-07-02 21:26:37.574,0.00,0.00,0.00,0.81,0.00,1.00,1.00,0.00,0.00,13.14,61.36,51.60,5.67,22.91,-0.31,-0.02,17.00,10.00,0.00,0.00,0.00
13674.00,2019-07-02 21:26:37.674,0.00,0.00,0.00,0.81,0.00,1.00,1.00,0.00,0.00,13.12,61.36,51.55,5.67,22.86,-0.31,-0.03,17.00,10.00,0.00,0.00,0.00
13774.00,2019-07-02 21:26:37.774,0.00,0.00,0.00,0.81,0.00,1.00,1.00,0.00,0.00,13.12,61.36,51.55,5.67,22.86,-0.32,-0.03,17.00,10.00,0.00,0.00,0.00
13874.00,2019-07-02 21:26:37.874,0.00,0.00,0.00,0.81,0.00,1.00,1.00,0.00,0.00,13.15,61.27,51.51,5.63,22.86,-0.32,-0.03,17.00,10.00,0.00,0.00,0.00
13974.00,2019-07-02 21:26:37.974,0.00,0.00,0.00,0.81,0.00,1.00,1.00,0.00,0.00,13.14,61.27,51.51,5.63,22.86,-0.30,-0.03,17.00,10.00,0.00,0.00,0.00
14074.00,2019-07-02 21:26:38.074,0.00,0.00,0.00,0.81,0.00,1.00,1.00,0.00,0.00,13.14,61.34,51.51,5.69,22.69,-0.30,-0.03,17.00,10.00,0.00,0.00,0.00
14174.00,2019-07-02 21:26:38.174,0.00,0.00,0.00,0.81,0.00,1.00,1.00,0.00,0.00,13.13,61.34,51.52,5.69,22.69,-0.33,-0.03,17.00,10.00,0.00,0.00,0.00
14274.00,2019-07-02 21:26:38.274,0.00,0.00,0.00,0.81,0.00,1.00,1.00,0.00,0.00,13.13,61.34,51.52,5.69,22.69,-0.32,-0.03,17.00,10.00,0.00,0.00,0.00
14374.00,2019-07-02 21:26:38.374,0.00,0.00,0.00,0.80,0.00,1.00,1.00,0.00,0.00,13.11,61.30,51.55,5.59,22.69,-0.32,-0.03,17.00,10.00,0.00,0.00,0.00
14474.00,2019-07-02 21:26:38.474,0.00,0.00,0.00,0.81,0.00,1.00,1.00,0.00,0.00,13.11,61.30,51.55,5.59,22.66,-0.31,-0.04,17.00,10.00,0.00,0.00,0.00
14574.00,2019-07-02 21:26:38.574,0.00,0.00,0.00,0.80,0.00,1.00,1.00,0.00,0.00,13.14,61.38,51.55,5.63,22.66,-0.31,-0.04,17.00,10.00,0.00,0.00,0.00
14674.00,2019-07-02 21:26:38.674,0.00,0.00,0.00,0.81,0.00,1.00,1.00,0.00,0.00,13.12,61.38,51.51,5.63,22.66,-0.32,-0.05,17.00,10.00,0.00,0.00,0.00
14774.00,2019-07-02 21:26:38.774,0.00,0.00,0.00,0.81,0.00,1.00,1.00,0.00,0.00,13.12,61.38,51.51,5.63,22.66,-0.32,-0.05,17.00,10.00,0.00,0.00,0.00
14874.00,2019-07-02 21:26:38.874,0.00,0.00,0.00,0.81,0.00,1.00,1.00,0.00,0.00,13.13,61.34,51.45,5.61,22.53,-0.35,-0.04,17.00,10.00,0.00,0.00,0.00
14974.00,2019-07-02 21:26:38.974,0.00,0.00,0.00,0.81,0.00,1.00,1.00,0.00,0.00,13.12,61.34,51.45,5.61,22.53,-0.30,-0.03,17.00,10.00,0.00,0.00,0.00
15074.00,2019-07-02 21:26:39.074,0.00,0.00,0.00,0.81,0.00,1.00,1.00,0.00,0.00,13.15,61.34,51.45,5.61,22.53,-0.31,-0.02,17.00,10.00,0.00,0.00,0.00
15174.00,2019-07-02 21:26:39.174,0.00,0.00,0.00,0.81,0.00,1.00,1.00,0.00,0.00,13.14,61.28,51.41,5.72,22.53,-0.31,-0.03,17.00,10.00,0.00,0.00,0.00
15274.00,2019-07-02 21:26:39.274,0.00,0.00,0.00,0.81,0.00,1.00,1.00,0.00,0.00,13.12,61.28,51.41,5.72,22.49,-0.31,-0.03,17.00,10.00,0.00,0.00,0.00
15374.00,2019-07-02 21:26:39.374,0.00,0.00,0.00,0.81,0.00,1.00,1.00,0.00,0.00,13.13,61.34,51.55,5.66,22.49,-0.34,-0.03,17.00,10.00,0.00,0.00,0.00
15474.00,2019-07-02 21:26:39.474,0.00,0.00,0.00,0.80,0.00,1.00,1.00,0.00,0.00,13.12,61.34,51.55,5.66,22.49,-0.31,-0.03,17.00,10.00,0.00,0.00,0.00
15574.00,2019-07-02 21:26:39.574,0.00,0.00,0.00,0.80,0.00,1.00,1.00,0.00,0.00,13.13,61.34,51.55,5.66,22.49,-0.32,-0.03,17.00,10.00,0.00,0.00,0.00
15674.00,2019-07-02 21:26:39.674,0.00,0.00,0.00,0.81,0.00,1.00,1.00,0.00,0.00,13.12,61.36,51.44,5.70,22.42,-0.31,-0.03,17.00,10.00,0.00,0.00,0.00
15774.00,2019-07-02 21:26:39.774,0.00,0.00,0.00,0.80,0.00,1.00,1.00,0.00,0.00,13.13,61.36,51.44,5.70,22.42,-0.31,-0.03,17.00,10.00,0.00,0.00,0.00
15874.00,2019-07-02 21:26:39.874,0.00,0.00,0.00,0.81,0.00,1.00,1.00,0.00,0.00,13.11,61.37,51.53,5.70,22.42,-0.31,-0.03,17.00,10.00,0.00,0.00,0.00
15974.00,2019-07-02 21:26:39.974,0.00,0.00,0.00,0.81,0.00,1.00,1.00,0.00,0.00,13.13,61.37,51.53,5.70,22.42,-0.32,-0.03,17.00,10.00,0.00,0.00,0.00
16074.00,2019-07-02 21:26:40.074,0.00,0.00,0.00,0.81,0.00,1.00,1.00,0.00,0.00,13.13,61.37,51.53,5.70,22.40,-0.31,-0.03,17.00,10.00,0.00,0.00,0.00
16174.00,2019-07-02 21:26:40.174,0.00,0.00,0.00,0.81,0.00,1.00,1.00,0.00,0.00,13.13,61.36,51.43,5.73,22.40,-0.32,-0.03,17.00,10.00,0.00,0.00,0.00
16274.00,2019-07-02 21:26:40.274,0.00,0.00,0.00,0.81,0.00,1.00,1.00,0.00,0.00,13.11,61.36,51.43,5.73,22.40,-0.31,-0.03,17.00,10.00,0.00,0.00,0.00
16374.00,2019-07-02 21:26:40.374,0.00,0.00,0.00,0.81,0.00,1.00,1.00,0.00,0.00,13.10,61.36,51.51,5.73,22.40,-0.30,-0.03,17.00,10.00,0.00,0.00,0.00
16474.00,2019-07-02 21:26:40.474,0.00,0.00,0.00,0.81,0.00,1.00,1.00,0.00,0.00,13.09,61.37,51.51,5.77,22.28,-0.34,-0.03,17.00,10.00,0.00,0.00,0.00
16574.00,2019-07-02 21:26:40.574,0.00,0.00,0.00,0.81,0.00,1.00,1.00,0.00,0.00,13.11,61.37,51.51,5.77,22.28,-0.31,-0.03,17.00,10.00,0.00,0.00,0.00
16674.00,2019-07-02 21:26:40.674,0.00,0.00,0.00,0.80,0.00,1.00,1.00,0.00,0.00,13.12,61.34,51.48,5.77,22.28,-0.31,-0.03,17.00,10.00,0.00,0.00,0.00
16774.00,2019-07-02 21:26:40.774,0.00,0.00,0.00,0.81,0.00,1.00,1.00,0.00,0.00,13.13,61.34,51.48,5.77,22.28,-0.31,-0.03,17.00,10.00,0.00,0.00,0.00
16874.00,2019-07-02 21:26:40.874,0.00,0.00,0.00,0.81,0.00,1.00,1.00,0.00,0.00,13.13,61.34,51.52,5.77,22.29,-0.31,-0.03,17.00,10.00,0.00,0.00,0.00
16974.00,2019-07-02 21:26:40.974,0.00,0.00,0.00,0.80,0.00,1.00,1.00,0.00,0.00,13.12,61.36,51.52,5.84,22.29,-0.31,-0.04,17.00,10.00,0.00,0.00,0.00
17074.00,2019-07-02 21:26:41.074,0.00,0.00,0.00,0.81,0.00,1.00,1.00,0.00,0.00,13.12,61.36,51.52,5.84,22.29,-0.32,-0.04,17.00,10.00,0.00,0.00,0.00
17174.00,2019-07-02 21:26:41.174,0.00,0.00,0.00,0.81,0.00,1.00,1.00,0.00,0.00,13.11,61.36,51.50,5.77,22.29,-0.31,-0.03,17.00,10.00,0.00,0.00,0.00
17274.00,2019-07-02 21:26:41.274,0.00,0.00,0.00,0.81,0.00,1.00,1.00,0.00,0.00,13.10,61.36,51.50,5.77,22.26,-0.30,-0.05,17.00,10.00,0.00,0.00,0.00
17374.00,2019-07-02 21:26:41.374,0.00,0.00,0.00,0.81,0.00,1.00,1.00,0.00,0.00,13.11,61.36,51.40,5.77,22.26,-0.31,-0.04,17.00,10.00,0.00,0.00,0.00
17474.00,2019-07-02 21:26:41.474,0.00,0.00,0.00,0.81,0.00,1.00,1.00,0.00,0.00,13.09,61.30,51.40,5.84,22.26,-0.32,-0.05,17.00,10.00,0.00,0.00,0.00
17574.00,2019-07-02 21:26:41.574,0.00,0.00,0.00,0.81,0.00,1.00,1.00,0.00,0.00,13.10,61.30,51.40,5.84,22.26,-0.30,-0.04,17.00,10.00,0.00,0.00,0.00
17674.00,2019-07-02 21:26:41.674,0.00,0.00,0.00,0.81,0.00,1.00,1.00,0.00,0.00,13.11,61.30,51.45,5.84,22.32,-0.31,-0.03,17.00,10.00,0.00,0.00,0.00
17774.00,2019-07-02 21:26:41.774,0.00,0.00,0.00,0.81,0.00,1.00,1.00,0.00,0.00,13.09,61.37,51.45,5.87,22.32,-0.32,-0.03,17.00,10.00,0.00,0.00,0.00
17874.00,2019-07-02 21:26:41.874,0.00,0.00,0.00,0.81,0.00,1.00,1.00,0.00,0.00,13.09,61.37,51.43,5.87,22.32,-0.30,-0.03,17.00,10.00,0.00,0.00,0.00
17974.00,2019-07-02 21:26:41.974,0.00,0.00,0.00,0.81,0.00,1.00,1.00,0.00,0.00,13.10,61.36,51.43,5.84,22.32,-0.31,-0.03,17.00,10.00,0.00,0.00,0.00
18074.00,2019-07-02 21:26:42.074,0.00,0.00,0.00,0.81,0.00,1.00,1.00,0.00,0.00,13.10,61.36,51.43,5.84,22.30,-0.32,-0.03,17.00,10.00,0.00,0.00,0.00
18174.00,2019-07-02 21:26:42.174,0.00,0.00,0.00,0.80,0.00,1.00,1.00,0.00,0.00,13.14,61.36,51.45,5.84,22.30,-0.32,-0.03,17.00,10.00,0.00,0.00,0.00
18274.00,2019-07-02 21:26:42.274,0.00,0.00,0.00,0.81,0.00,1.00,1.00,0.00,0.00,13.13,61.25,51.45,5.82,22.30,-0.31,-0.02,17.00,10.00,0.00,0.00,0.00
18374.00,2019-07-02 21:26:42.374,0.00,0.00,0.00,0.80,0.00,1.00,1.00,0.00,0.00,13.17,61.25,51.46,5.82,22.30,-0.31,-0.03,17.00,10.00,0.00,0.00,0.00
18474.00,2019-07-02 21:26:42.474,0.00,0.00,0.00,0.80,0.00,1.00,1.00,0.00,0.00,13.18,61.26,51.46,5.86,22.29,-0.32,-0.03,17.00,10.00,0.00,0.00,0.00
18574.00,2019-07-02 21:26:42.574,0.00,0.00,0.00,0.80,0.00,1.00,1.00,0.00,0.00,13.19,61.26,51.46,5.86,22.29,-0.32,-0.02,17.00,10.00,0.00,0.00,0.00
18674.00,2019-07-02 21:26:42.674,0.00,0.00,0.00,0.80,0.00,1.00,1.00,0.00,0.00,13.20,61.26,51.48,5.86,22.29,-0.33,-0.03,17.00,10.00,0.00,0.00,0.00
18774.00,2019-07-02 21:26:42.774,0.00,0.00,0.00,0.80,0.00,1.00,1.00,0.00,0.00,13.18,61.38,51.48,5.87,22.29,-0.32,-0.02,17.00,10.00,0.00,0.00,0.00
18874.00,2019-07-02 21:26:42.874,0.00,0.00,0.00,0.80,0.00,1.00,1.00,0.00,0.00,13.17,61.38,51.44,5.87,22.34,-0.31,-0.03,17.00,10.00,0.00,0.00,0.00
18974.00,2019-07-02 21:26:42.974,0.00,0.00,0.00,0.80,0.00,1.00,1.00,0.00,0.00,13.19,61.38,51.44,5.87,22.34,-0.32,-0.02,17.00,10.00,0.00,0.00,0.00
19074.00,2019-07-02 21:26:43.074,0.00,0.00,0.00,0.80,0.00,1.00,1.00,0.00,0.00,13.20,61.36,51.44,5.97,22.34,-0.31,-0.03,17.00,10.00,0.00,0.00,0.00
19174.00,2019-07-02 21:26:43.174,0.00,0.00,0.00,0.80,0.00,1.00,1.00,0.00,0.00,13.18,61.36,51.39,5.97,22.34,-0.31,-0.03,17.00,10.00,0.00,0.00,0.00
19274.00,2019-07-02 21:26:43.274,0.00,0.00,0.00,0.80,0.00,1.00,1.00,0.00,0.00,13.19,61.30,51.39,5.95,22.18,-0.34,-0.02,17.00,10.00,0.00,0.00,0.00
19374.00,2019-07-02 21:26:43.374,0.00,0.00,0.00,0.80,0.00,1.00,1.00,0.00,0.00,13.18,61.30,51.37,5.95,22.18,-0.32,-0.03,17.00,10.00,0.00,0.00,0.00
19474.00,2019-07-02 21:26:43.474,0.00,0.00,0.00,0.80,0.00,1.00,1.00,0.00,0.00,13.20,61.30,51.37,5.95,22.18,-0.31,-0.03,17.00,10.00,0.00,0.00,0.00
19574.00,2019-07-02 21:26:43.574,0.00,0.00,0.00,0.80,0.00,1.00,1.00,0.00,0.00,13.19,61.32,51.37,5.86,22.18,-0.34,-0.03,17.00,10.00,0.00,0.00,0.00
19674.00,2019-07-02 21:26:43.674,0.00,0.00,0.00,0.80,0.00,1.00,1.00,0.00,0.00,13.19,61.32,51.46,5.86,22.16,-0.32,-0.03,17.00,10.00,0.00,0.00,0.00
19774.00,2019-07-02 21:26:43.774,0.00,0.00,0.00,0.80,0.00,1.00,1.00,0.00,0.00,13.20,61.30,51.46,5.99,22.16,-0.31,-0.03,17.00,10.00,0.00,0.00,0.00
19874.00,2019-07-02 21:26:43.874,0.00,0.00,0.00,0.80,0.00,1.00,1.00,0.00,0.00,13.19,61.30,51.43,5.99,22.16,-0.32,-0.03,17.00,10.00,0.00,0.00,0.00
19974.00,2019-07-02 21:26:43.974,0.00,0.00,0.00,0.80,0.00,1.00,1.00,0.00,0.00,13.20,61.30,51.43,5.99,22.16,-0.31,-0.04,17.00,10.00,0.00,0.00,0.00
20074.00,2019-07-02 21:26:44.074,0.00,0.00,0.00,0.80,0.00,1.00,1.00,0.00,0.00,13.17,61.32,51.43,5.92,22.09,-0.32,-0.03,17.00,10.00,0.00,0.00,0.00
20174.00,2019-07-02 21:26:44.174,0.00,0.00,0.00,0.80,0.00,1.00,1.00,0.00,0.00,13.18,61.32,51.39,5.92,22.09,-0.32,-0.03,17.00,10.00,0.00,0.00,0.00
20274.00,2019-07-02 21:26:44.274,0.00,0.00,0.00,0.80,0.00,1.00,1.00,0.00,0.00,13.18,61.32,51.39,5.92,22.09,-0.31,-0.03,17.00,10.00,0.00,0.00,0.00
20374.00,2019-07-02 21:26:44.374,0.00,0.00,0.00,0.81,0.00,1.00,1.00,0.00,0.00,13.17,61.34,51.34,5.95,22.09,-0.32,-0.03,17.00,10.00,0.00,0.00,0.00
20474.00,2019-07-02 21:26:44.474,0.00,0.00,0.00,0.80,0.00,1.00,1.00,0.00,0.00,13.16,61.34,51.34,5.95,22.02,-0.29,-0.03,17.00,10.00,0.00,0.00,0.00
20574.00,2019-07-02 21:26:44.574,0.00,0.00,0.00,0.80,0.00,1.00,1.00,0.00,0.00,13.17,61.34,51.34,6.01,22.02,-0.31,-0.03,17.00,10.00,0.00,0.00,0.00
20674.00,2019-07-02 21:26:44.674,0.00,0.00,0.00,0.80,0.00,1.00,1.00,0.00,0.00,13.17,61.34,51.40,6.01,22.02,-0.32,-0.04,17.00,10.00,0.00,0.00,0.00
20774.00,2019-07-02 21:26:44.774,0.00,0.00,0.00,0.80,0.00,1.00,1.00,0.00,0.00,13.19,61.34,51.40,6.01,22.02,-0.32,-0.04,17.00,10.00,0.00,0.00,0.00
20874.00,2019-07-02 21:26:44.874,0.00,0.00,0.00,0.80,0.00,1.00,1.00,0.00,0.00,13.14,61.34,51.35,5.99,22.09,-0.31,-0.05,17.00,10.00,0.00,0.00,0.00
20974.00,2019-07-02 21:26:44.974,0.00,0.00,0.00,0.80,0.00,1.00,1.00,0.00,0.00,13.16,61.34,51.35,5.99,22.09,-0.30,-0.05,17.00,10.00,0.00,0.00,0.00
21074.00,2019-07-02 21:26:45.074,0.00,0.00,0.00,0.80,0.00,1.00,1.00,0.00,0.00,13.17,61.34,51.35,5.99,22.09,-0.31,-0.04,17.00,10.00,0.00,0.00,0.00
21174.00,2019-07-02 21:26:45.174,0.00,0.00,0.00,0.80,0.00,1.00,1.00,0.00,0.00,13.17,61.30,51.33,6.03,22.09,-0.29,-0.03,17.00,10.00,0.00,0.00,0.00
21274.00,2019-07-02 21:26:45.274,0.00,0.00,0.00,0.80,0.00,1.00,1.00,0.00,0.00,13.17,61.30,51.33,6.03,22.09,-0.33,-0.02,17.00,10.00,0.00,0.00,0.00
21374.00,2019-07-02 21:26:45.374,0.00,0.00,0.00,0.81,0.00,1.00,1.00,0.00,0.00,13.13,61.34,51.33,6.04,22.09,-0.33,-0.03,17.00,10.00,0.00,0.00,0.00
21474.00,2019-07-02 21:26:45.474,0.00,0.00,0.00,0.81,0.00,1.00,1.00,0.00,0.00,13.17,61.34,51.33,6.04,22.09,-0.32,-0.03,17.00,10.00,0.00,0.00,0.00
21574.00,2019-07-02 21:26:45.574,0.00,0.00,0.00,0.81,0.00,1.00,1.00,0.00,0.00,13.14,61.34,51.33,6.04,22.09,-0.32,-0.03,17.00,10.00,0.00,0.00,0.00
21674.00,2019-07-02 21:26:45.674,0.00,0.00,0.00,0.81,0.00,1.00,1.00,0.00,0.00,13.13,61.36,51.39,5.98,22.09,-0.31,-0.03,17.00,10.00,0.00,0.00,0.00
21774.00,2019-07-02 21:26:45.774,0.00,0.00,0.00,0.80,0.00,1.00,1.00,0.00,0.00,13.17,61.36,51.39,5.98,22.09,-0.32,-0.02,17.00,10.00,0.00,0.00,0.00
21874.00,2019-07-02 21:26:45.874,0.00,0.00,0.00,0.80,0.00,1.00,1.00,0.00,0.00,13.15,61.30,51.39,6.05,22.09,-0.31,-0.03,17.00,10.00,0.00,0.00,0.00
21974.00,2019-07-02 21:26:45.974,0.00,0.00,0.00,0.80,0.00,1.00,1.00,0.00,0.00,13.14,61.30,51.39,6.05,22.09,-0.34,-0.03,17.00,10.00,0.00,0.00,0.00
22074.00,2019-07-02 21:26:46.074,0.00,0.00,0.00,0.80,0.00,1.00,1.00,0.00,0.00,13.16,61.30,51.39,6.05,22.07,-0.34,-0.03,17.00,10.00,0.00,0.00,0.00
22174.00,2019-07-02 21:26:46.174,0.00,0.00,0.00,0.80,0.00,1.00,1.00,0.00,0.00,13.16,61.25,51.35,6.14,22.07,-0.30,-0.03,17.00,10.00,0.00,0.00,0.00
22274.00,2019-07-02 21:26:46.274,0.00,0.00,0.00,0.80,0.00,1.00,1.00,0.00,0.00,13.14,61.25,51.35,6.14,22.07,-0.32,-0.03,17.00,10.00,0.00,0.00,0.00
22374.00,2019-07-02 21:26:46.374,0.00,0.00,0.00,0.80,0.00,1.00,1.00,0.00,0.00,13.11,61.25,51.33,6.14,22.07,-0.28,-0.03,17.00,10.00,0.00,0.00,0.00
22474.00,2019-07-02 21:26:46.474,0.00,0.00,0.00,0.80,0.00,1.00,1.00,0.00,0.00,13.16,61.34,51.33,6.13,22.02,-0.34,-0.03,17.00,10.00,0.00,0.00,0.00
22574.00,2019-07-02 21:26:46.574,0.00,0.00,0.00,0.81,0.00,1.00,1.00,0.00,0.00,13.10,61.34,51.33,6.13,22.02,-0.31,-0.03,17.00,10.00,0.00,0.00,0.00
22674.00,2019-07-02 21:26:46.674,0.00,0.00,0.00,0.81,0.00,1.00,1.00,0.00,0.00,13.13,61.28,51.32,6.08,22.02,-0.31,-0.03,17.00,10.00,0.00,0.00,0.00
22774.00,2019-07-02 21:26:46.774,0.00,0.00,0.00,0.81,0.00,1.00,1.00,0.00,0.00,13.14,61.28,51.32,6.08,22.02,-0.31,-0.03,17.00,10.00,0.00,0.00,0.00
22874.00,2019-07-02 21:26:46.874,0.00,0.00,0.00,0.81,0.00,1.00,1.00,0.00,0.00,13.14,61.28,51.38,6.08,21.98,-0.29,-0.03,17.00,10.00,0.00,0.00,0.00
22974.00,2019-07-02 21:26:46.974,0.00,0.00,0.00,0.80,0.00,1.00,1.00,0.00,0.00,13.14,61.26,51.38,6.09,21.98,-0.33,-0.03,17.00,10.00,0.00,0.00,0.00
23074.00,2019-07-02 21:26:47.074,0.00,0.00,0.00,0.81,0.00,1.00,1.00,0.00,0.00,13.11,61.26,51.38,6.09,21.98,-0.31,-0.03,17.00,10.00,0.00,0.00,0.00
23174.00,2019-07-02 21:26:47.174,0.00,0.00,0.00,0.80,0.00,1.00,1.00,0.00,0.00,13.14,61.30,51.32,6.17,21.98,-0.31,-0.04,17.00,10.00,0.00,0.00,0.00
23274.00,2019-07-02 21:26:47.274,0.00,0.00,0.00,0.80,0.00,1.00,1.00,0.00,0.00,13.10,61.30,51.32,6.17,21.98,-0.31,-0.05,17.00,10.00,0.00,0.00,0.00
23374.00,2019-07-02 21:26:47.374,0.00,0.00,0.00,0.80,0.00,1.00,1.00,0.00,0.00,13.12,61.30,51.38,6.17,21.98,-0.31,-0.06,17.00,10.00,0.00,0.00,0.00
23474.00,2019-07-02 21:26:47.474,0.00,0.00,0.00,0.80,0.00,1.00,1.00,0.00,0.00,13.11,61.38,51.38,6.17,21.98,-0.32,-0.05,17.00,10.00,0.00,0.00,0.00
23574.00,2019-07-02 21:26:47.574,0.00,0.00,0.00,0.80,0.00,1.00,1.00,0.00,0.00,13.14,61.38,51.38,6.17,21.98,-0.30,-0.04,17.00,10.00,0.00,0.00,0.00
23674.00,2019-07-02 21:26:47.674,0.00,0.00,0.00,0.81,0.00,1.00,1.00,0.00,0.00,13.11,61.38,51.35,6.17,22.00,-0.33,-0.03,17.00,10.00,0.00,0.00,0.00
23774.00,2019-07-02 21:26:47.774,0.00,0.00,0.00,0.81,0.00,1.00,1.00,0.00,0.00,13.11,61.34,51.35,6.23,22.00,-0.32,-0.03,17.00,10.00,0.00,0.00,0.00
23874.00,2019-07-02 21:26:47.874,0.00,0.00,0.00,0.81,0.00,1.00,1.00,0.00,0.00,13.13,61.34,51.30,6.23,22.00,-0.31,-0.03,17.00,10.00,0.00,0.00,0.00
23974.00,2019-07-02 21:26:47.974,0.00,0.00,0.00,0.81,0.00,1.00,1.00,0.00,0.00,13.11,61.28,51.30,6.23,22.00,-0.32,-0.03,17.00,10.00,0.00,0.00,0.00
24074.00,2019-07-02 21:26:48.074,0.00,0.00,0.00,0.81,0.00,1.00,1.00,0.00,0.00,13.11,61.28,51.30,6.23,21.91,-0.30,-0.02,17.00,10.00,0.00,0.00,0.00
24174.00,2019-07-02 21:26:48.174,0.00,0.00,0.00,0.81,0.00,1.00,1.00,0.00,0.00,13.08,61.28,51.26,6.23,21.91,-0.36,-0.03,17.00,10.00,0.00,0.00,0.00
24274.00,2019-07-02 21:26:48.274,0.00,0.00,0.00,0.81,0.00,1.00,1.00,0.00,0.00,13.09,61.34,51.26,6.21,21.91,-0.32,-0.03,17.00,10.00,0.00,0.00,0.00
24374.00,2019-07-02 21:26:48.374,0.00,0.00,0.00,0.80,0.00,1.00,1.00,0.00,0.00,13.13,61.34,51.30,6.21,21.91,-0.33,-0.03,17.00,10.00,0.00,0.00,0.00
24474.00,2019-07-02 21:26:48.474,0.00,0.00,0.00,0.80,0.00,1.00,1.00,0.00,0.00,13.12,61.32,51.30,6.29,21.88,-0.32,-0.03,17.00,10.00,0.00,0.00,0.00
24574.00,2019-07-02 21:26:48.574,0.00,0.00,0.00,0.80,0.00,1.00,1.00,0.00,0.00,13.12,61.32,51.30,6.29,21.88,-0.30,-0.03,17.00,10.00,0.00,0.00,0.00
24674.00,2019-07-02 21:26:48.674,0.00,0.00,0.00,0.80,0.00,1.00,1.00,0.00,0.00,13.13,61.32,51.35,6.29,21.88,-0.32,-0.03,17.00,10.00,0.00,0.00,0.00
24774.00,2019-07-02 21:26:48.774,0.00,0.00,0.00,0.80,0.00,1.00,1.00,0.00,0.00,13.15,61.36,51.35,6.23,21.88,-0.28,-0.03,17.00,10.00,0.00,0.00,0.00
24874.00,2019-07-02 21:26:48.874,0.00,0.00,0.00,0.81,0.00,1.00,1.00,0.00,0.00,13.08,61.36,51.23,6.23,21.88,-0.35,-0.03,17.00,10.00,0.00,0.00,0.00
24974.00,2019-07-02 21:26:48.974,0.00,0.00,0.00,0.81,0.00,1.00,1.00,0.00,0.00,13.08,61.36,51.23,6.23,21.88,-0.32,-0.03,17.00,10.00,0.00,0.00,0.00
25074.00,2019-07-02 21:26:49.074,0.00,0.00,0.00,0.81,0.00,1.00,1.00,0.00,0.00,13.11,61.30,51.23,6.25,21.88,-0.31,-0.03,17.00,10.00,0.00,0.00,0.00
25174.00,2019-07-02 21:26:49.174,0.00,0.00,0.00,0.81,0.00,1.00,1.00,0.00,0.00,13.13,61.30,51.26,6.25,21.88,-0.32,-0.03,17.00,10.00,0.00,0.00,0.00
25274.00,2019-07-02 21:26:49.274,0.00,0.00,0.00,0.81,0.00,1.00,1.00,0.00,0.00,13.10,61.30,51.26,6.25,21.88,-0.30,-0.03,17.00,10.00,0.00,0.00,0.00
25374.00,2019-07-02 21:26:49.374,0.00,0.00,0.00,0.80,0.00,1.00,1.00,0.00,0.00,13.10,61.30,51.30,6.25,21.88,-0.33,-0.03,17.00,10.00,0.00,0.00,0.00
25474.00,2019-07-02 21:26:49.474,0.00,0.00,0.00,0.80,0.00,1.00,1.00,0.00,0.00,13.14,61.30,51.30,6.25,21.88,-0.30,-0.03,17.00,10.00,0.00,0.00,0.00
25574.00,2019-07-02 21:26:49.574,0.00,0.00,0.00,0.80,0.00,1.00,1.00,0.00,0.00,13.09,61.38,51.30,6.29,21.88,-0.31,-0.04,17.00,10.00,0.00,0.00,0.00
25674.00,2019-07-02 21:26:49.674,0.00,0.00,0.00,0.80,0.00,1.00,1.00,0.00,0.00,13.12,61.38,51.37,6.29,21.74,-0.32,-0.04,17.00,10.00,0.00,0.00,0.00
25774.00,2019-07-02 21:26:49.774,0.00,0.00,0.00,0.80,0.00,1.00,1.00,0.00,0.00,13.13,61.26,51.37,6.40,21.74,-0.31,-0.04,17.00,10.00,0.00,0.00,0.00
25874.00,2019-07-02 21:26:49.874,0.00,0.00,0.00,0.80,0.00,1.00,1.00,0.00,0.00,13.09,61.26,51.26,6.40,21.74,-0.32,-0.05,17.00,10.00,0.00,0.00,0.00
25974.00,2019-07-02 21:26:49.974,0.00,0.00,0.00,0.80,0.00,1.00,1.00,0.00,0.00,13.09,61.26,51.26,6.40,21.74,-0.29,-0.05,17.00,10.00,0.00,0.00,0.00
26074.00,2019-07-02 21:26:50.074,0.00,0.00,0.00,0.80,0.00,1.00,1.00,0.00,0.00,13.13,61.27,51.26,6.29,21.78,-0.35,-0.04,17.00,10.00,0.00,0.00,0.00
26174.00,2019-07-02 21:26:50.174,0.00,0.00,0.00,0.81,0.00,1.00,1.00,0.00,0.00,13.10,61.27,51.30,6.29,21.78,-0.32,-0.03,17.00,10.00,0.00,0.00,0.00
26274.00,2019-07-02 21:26:50.274,0.00,0.00,0.00,0.81,0.00,1.00,1.00,0.00,0.00,13.14,61.27,51.30,6.29,21.78,-0.31,-0.03,17.00,10.00,0.00,0.00,0.00
26374.00,2019-07-02 21:26:50.374,0.00,0.00,0.00,0.81,0.00,1.00,1.00,0.00,0.00,13.11,61.23,51.26,6.36,21.78,-0.32,-0.03,17.00,10.00,0.00,0.00,0.00
26474.00,2019-07-02 21:26:50.474,0.00,0.00,0.00,0.80,0.00,1.00,1.00,0.00,0.00,13.15,61.23,51.26,6.36,21.66,-0.31,-0.03,17.00,10.00,0.00,0.00,0.00
26574.00,2019-07-02 21:26:50.574,0.00,0.00,0.00,0.80,0.00,1.00,1.00,0.00,0.00,13.15,61.30,51.26,6.34,21.66,-0.33,-0.03,17.00,10.00,0.00,0.00,0.00
26674.00,2019-07-02 21:26:50.674,0.00,0.00,0.00,0.80,0.00,1.00,1.00,0.00,0.00,13.13,61.30,51.23,6.34,21.66,-0.32,-0.03,17.00,10.00,0.00,0.00,0.00
26774.00,2019-07-02 21:26:50.774,0.00,0.00,0.00,0.80,0.00,1.00,1.00,0.00,0.00,13.11,61.30,51.23,6.34,21.66,-0.35,-0.03,17.00,10.00,0.00,0.00,0.00
26874.00,2019-07-02 21:26:50.874,0.00,0.00,0.00,0.80,0.00,1.00,1.00,0.00,0.00,13.11,61.26,51.23,6.36,21.67,-0.32,-0.03,17.00,10.00,0.00,0.00,0.00
26974.00,2019-07-02 21:26:50.974,0.00,0.00,0.00,0.80,0.00,1.00,1.00,0.00,0.00,13.10,61.26,51.23,6.36,21.67,-0.30,-0.03,17.00,10.00,0.00,0.00,0.00
27074.00,2019-07-02 21:26:51.074,0.00,0.00,0.00,0.80,0.00,1.00,1.00,0.00,0.00,13.13,61.27,51.23,6.43,21.67,-0.32,-0.03,17.00,10.00,0.00,0.00,0.00
27174.00,2019-07-02 21:26:51.174,0.00,0.00,0.00,0.80,0.00,1.00,1.00,0.00,0.00,13.12,61.27,51.19,6.43,21.67,-0.29,-0.03,17.00,10.00,0.00,0.00,0.00
27274.00,2019-07-02 21:26:51.274,0.00,0.00,0.00,0.80,0.00,1.00,1.00,0.00,0.00,13.15,61.27,51.19,6.43,21.67,-0.32,-0.03,17.00,10.00,0.00,0.00,0.00
27374.00,2019-07-02 21:26:51.374,0.00,0.00,0.00,0.81,0.00,1.00,1.00,0.00,0.00,13.13,61.32,51.15,6.43,21.67,-0.31,-0.03,17.00,10.00,0.00,0.00,0.00
27474.00,2019-07-02 21:26:51.474,0.00,0.00,0.00,0.81,0.00,1.00,1.00,0.00,0.00,13.13,61.32,51.15,6.43,21.67,-0.29,-0.03,17.00,10.00,0.00,0.00,0.00
27574.00,2019-07-02 21:26:51.574,0.00,0.00,0.00,0.81,0.00,1.00,1.00,0.00,0.00,13.13,61.32,51.15,6.43,21.67,-0.30,-0.03,17.00,10.00,0.00,0.00,0.00
27674.00,2019-07-02 21:26:51.674,0.00,0.00,0.00,0.81,0.00,1.00,1.00,0.00,0.00,13.12,61.36,51.19,6.38,21.67,-0.30,-0.03,17.00,10.00,0.00,0.00,0.00
27774.00,2019-07-02 21:26:51.774,0.00,0.00,0.00,0.80,0.00,1.00,1.00,0.00,0.00,13.12,61.36,51.19,6.38,21.67,-0.33,-0.04,17.00,10.00,0.00,0.00,0.00
27874.00,2019-07-02 21:26:51.874,0.00,0.00,0.00,1.51,0.00,1.00,1.00,0.00,0.00,12.95,61.23,51.16,6.53,21.67,-0.32,-0.04,17.00,10.00,0.00,0.00,0.00
27974.00,2019-07-02 21:26:51.974,0.00,0.00,0.00,1.51,0.00,1.00,1.00,0.00,0.00,13.14,61.23,51.16,6.53,21.67,-0.33,-0.06,17.00,10.00,0.00,0.00,0.00
28074.00,2019-07-02 21:26:52.074,0.00,0.00,0.00,1.51,0.00,1.00,1.00,0.00,0.00,13.08,61.23,51.16,6.53,21.66,-0.32,-0.06,17.00,10.00,0.00,0.00,0.00
28174.00,2019-07-02 21:26:52.174,0.00,0.00,0.00,1.51,0.00,1.00,1.00,0.00,0.00,13.11,61.36,51.21,6.49,21.66,-0.30,-0.05,17.00,10.00,0.00,0.00,0.00
28274.00,2019-07-02 21:26:52.274,0.00,0.00,0.00,1.51,0.00,1.00,1.00,0.00,0.00,13.13,61.36,51.21,6.49,21.66,-0.32,-0.04,17.00,10.00,0.00,0.00,0.00
28374.00,2019-07-02 21:26:52.374,0.00,0.00,0.00,1.51,0.00,1.00,1.00,0.00,0.00,13.08,61.23,51.20,6.52,21.66,-0.29,-0.05,17.00,10.00,0.00,0.00,0.00
28474.00,2019-07-02 21:26:52.474,0.00,0.00,0.00,1.51,0.00,1.00,1.00,0.00,0.00,13.09,61.23,51.20,6.52,21.77,-0.31,-0.03,17.00,10.00,0.00,0.00,0.00
28574.00,2019-07-02 21:26:52.574,0.00,0.00,0.00,1.51,0.00,1.00,1.00,0.00,0.00,13.10,61.23,51.20,6.52,21.77,-0.33,-0.03,17.00,10.00,0.00,0.00,0.00
28674.00,2019-07-02 21:26:52.674,0.00,0.00,0.00,1.51,0.00,1.00,1.00,0.00,0.00,13.12,61.30,51.21,6.49,21.77,-0.32,-0.03,17.00,10.00,0.00,0.00,0.00
28774.00,2019-07-02 21:26:52.774,0.00,0.00,0.00,1.51,0.00,1.00,1.00,0.00,0.00,12.95,61.30,51.21,6.49,21.77,-0.32,-0.03,17.00,10.00,0.00,0.00,0.00
28874.00,2019-07-02 21:26:52.874,0.00,0.00,0.00,1.51,0.00,1.00,1.00,0.00,0.00,13.10,61.30,51.19,6.49,21.89,-0.30,-0.03,17.00,10.00,0.00,0.00,0.00
28974.00,2019-07-02 21:26:52.974,0.00,0.00,0.00,1.51,0.00,1.00,1.00,0.00,0.00,12.93,61.27,51.19,6.45,21.89,-0.33,-0.03,17.00,10.00,0.00,0.00,0.00
29074.00,2019-07-02 21:26:53.074,0.00,0.00,0.00,1.51,0.00,1.00,1.00,0.00,0.00,12.93,61.27,51.19,6.45,21.89,-0.31,-0.03,17.00,10.00,0.00,0.00,0.00
29174.00,2019-07-02 21:26:53.174,0.00,0.00,0.00,1.51,0.00,1.00,1.00,0.00,0.00,13.12,61.27,51.14,6.51,21.89,-0.31,-0.03,17.00,10.00,0.00,0.00,0.00
29274.00,2019-07-02 21:26:53.274,0.00,0.00,0.00,1.51,0.00,1.00,1.00,0.00,0.00,13.10,61.27,51.14,6.51,22.06,-0.31,-0.03,17.00,10.00,0.00,0.00,0.00
29374.00,2019-07-02 21:26:53.374,0.00,0.00,0.00,1.51,0.00,1.00,1.00,0.00,0.00,12.97,61.27,51.16,6.51,22.06,-0.31,-0.03,17.00,10.00,0.00,0.00,0.00
29474.00,2019-07-02 21:26:53.474,0.00,0.00,0.00,1.51,0.00,1.00,1.00,0.00,0.00,13.11,61.30,51.16,6.51,22.06,-0.32,-0.03,17.00,10.00,0.00,0.00,0.00
29574.00,2019-07-02 21:26:53.574,0.00,0.00,0.00,1.51,0.00,1.00,1.00,0.00,0.00,12.99,61.30,51.16,6.51,22.06,-0.29,-0.03,17.00,10.00,0.00,0.00,0.00
29674.00,2019-07-02 21:26:53.674,0.00,0.00,0.00,1.51,0.00,1.00,1.00,0.00,0.00,12.98,61.23,51.12,6.53,22.13,-0.33,-0.03,17.00,10.00,0.00,0.00,0.00
29774.00,2019-07-02 21:26:53.774,0.00,0.00,0.00,1.51,0.00,1.00,1.00,0.00,0.00,13.12,61.23,51.12,6.53,22.13,-0.32,-0.03,17.00,10.00,0.00,0.00,0.00
29874.00,2019-07-02 21:26:53.874,0.00,0.00,0.00,1.51,0.00,1.00,1.00,0.00,0.00,13.11,61.23,51.17,6.53,22.13,-0.31,-0.03,17.00,10.00,0.00,0.00,0.00
29974.00,2019-07-02 21:26:53.974,0.00,0.00,0.00,1.51,0.00,1.00,1.00,0.00,0.00,12.96,61.28,51.17,6.58,22.13,-0.34,-0.03,17.00,10.00,0.00,0.00,0.00
30074.00,2019-07-02 21:26:54.074,0.00,0.00,0.00,1.51,0.00,1.00,1.00,0.00,0.00,13.10,61.28,51.17,6.58,22.38,-0.28,-0.03,17.00,10.00,0.00,0.00,0.00
30174.00,2019-07-02 21:26:54.174,0.00,0.00,0.00,1.51,0.00,1.00,1.00,0.00,0.00,12.97,61.28,51.12,6.58,22.38,-0.33,-0.03,17.00,10.00,0.00,0.00,0.00
30274.00,2019-07-02 21:26:54.274,0.00,0.00,0.00,1.51,0.00,1.00,1.00,0.00,0.00,13.09,61.25,51.12,6.63,22.38,-0.32,-0.03,17.00,10.00,0.00,0.00,0.00
30374.00,2019-07-02 21:26:54.374,0.00,0.00,0.00,1.51,0.00,1.00,1.00,0.00,0.00,13.09,61.25,51.12,6.63,22.38,-0.31,-0.03,17.00,10.00,0.00,0.00,0.00
30474.00,2019-07-02 21:26:54.474,0.00,0.00,0.00,1.51,0.00,1.00,1.00,0.00,0.00,12.98,61.28,51.12,6.58,22.46,-0.32,-0.03,17.00,10.00,0.00,0.00,0.00
30574.00,2019-07-02 21:26:54.574,0.00,0.00,0.00,1.51,0.00,1.00,1.00,0.00,0.00,13.07,61.28,51.12,6.58,22.46,-0.29,-0.03,17.00,10.00,0.00,0.00,0.00
30674.00,2019-07-02 21:26:54.674,0.00,0.00,0.00,1.51,0.00,1.00,1.00,0.00,0.00,13.12,61.28,51.14,6.58,22.46,-0.34,-0.03,17.00,10.00,0.00,0.00,0.00
30774.00,2019-07-02 21:26:54.774,0.00,0.00,0.00,1.51,0.00,1.00,1.00,0.00,0.00,12.95,61.21,51.14,6.63,22.46,-0.30,-0.03,17.00,10.00,0.00,0.00,0.00
30874.00,2019-07-02 21:26:54.874,0.00,0.00,0.00,1.51,0.00,1.00,1.00,0.00,0.00,13.09,61.21,51.13,6.63,22.32,-0.32,-0.03,17.00,10.00,0.00,0.00,0.00
30974.00,2019-07-02 21:26:54.974,0.00,0.00,0.00,1.51,0.00,1.00,1.00,0.00,0.00,13.11,61.32,51.13,6.63,22.32,-0.33,-0.03,17.00,10.00,0.00,0.00,0.00
31074.00,2019-07-02 21:26:55.074,0.00,0.00,0.00,1.51,0.00,1.00,1.00,0.00,0.00,12.93,61.32,51.13,6.63,22.32,-0.33,-0.03,17.00,10.00,0.00,0.00,0.00
31174.00,2019-07-02 21:26:55.174,0.00,0.00,0.00,1.51,0.00,1.00,1.00,0.00,0.00,13.12,61.32,51.19,6.63,22.32,-0.32,-0.03,17.00,10.00,0.00,0.00,0.00
31274.00,2019-07-02 21:26:55.274,0.00,0.00,0.00,1.51,0.00,1.00,1.00,0.00,0.00,13.07,61.23,51.19,6.66,22.35,-0.29,-0.03,17.00,10.00,0.00,0.00,0.00
31374.00,2019-07-02 21:26:55.374,0.00,0.00,0.00,1.51,0.00,1.00,1.00,0.00,0.00,12.96,61.23,51.17,6.66,22.35,-0.33,-0.04,17.00,10.00,0.00,0.00,0.00
31474.00,2019-07-02 21:26:55.474,0.00,0.00,0.00,1.51,0.00,1.00,1.00,0.00,0.00,13.11,61.23,51.17,6.66,22.35,-0.31,-0.04,17.00,10.00,0.00,0.00,0.00
31574.00,2019-07-02 21:26:55.574,0.00,0.00,0.00,1.51,0.00,1.00,1.00,0.00,0.00,13.07,61.27,51.17,6.64,22.35,-0.33,-0.05,17.00,10.00,0.00,0.00,0.00
31674.00,2019-07-02 21:26:55.674,0.00,0.00,0.00,1.51,0.00,1.00,1.00,0.00,0.00,12.97,61.27,51.20,6.64,22.30,-0.30,-0.05,17.00,10.00,0.00,0.00,0.00
31774.00,2019-07-02 21:26:55.774,0.00,0.00,0.00,1.51,0.00,1.00,1.00,0.00,0.00,13.08,61.26,51.20,6.68,22.30,-0.30,-0.05,17.00,10.00,0.00,0.00,0.00
31874.00,2019-07-02 21:26:55.874,0.00,0.00,0.00,1.51,0.00,1.00,1.00,0.00,0.00,13.11,61.26,51.10,6.68,22.30,-0.32,-0.04,17.00,10.00,0.00,0.00,0.00
31974.00,2019-07-02 21:26:55.974,0.00,0.00,0.00,1.51,0.00,1.00,1.00,0.00,0.00,12.93,61.26,51.10,6.68,22.30,-0.28,-0.03,17.00,10.00,0.00,0.00,0.00
32074.00,2019-07-02 21:26:56.074,0.00,0.00,0.00,1.51,0.00,1.00,1.00,0.00,0.00,13.10,61.27,51.10,6.68,22.23,-0.31,-0.03,17.00,10.00,0.00,0.00,0.00
32174.00,2019-07-02 21:26:56.174,0.00,0.00,0.00,1.51,0.00,1.00,1.00,0.00,0.00,13.12,61.27,51.15,6.68,22.23,-0.31,-0.03,17.00,10.00,0.00,0.00,0.00
32274.00,2019-07-02 21:26:56.274,0.00,0.00,0.00,1.51,0.00,1.00,1.00,0.00,0.00,12.91,61.20,51.15,6.75,22.23,-0.31,-0.03,17.00,10.00,0.00,0.00,0.00
32374.00,2019-07-02 21:26:56.374,0.00,0.00,0.00,1.51,0.00,1.00,1.00,0.00,0.00,13.11,61.20,51.12,6.75,22.23,-0.32,-0.03,17.00,10.00,0.00,0.00,0.00
32474.00,2019-07-02 21:26:56.474,0.00,0.00,0.00,1.51,0.00,1.00,1.00,0.00,0.00,13.09,61.20,51.12,6.75,22.18,-0.30,-0.03,17.00,10.00,0.00,0.00,0.00
32574.00,2019-07-02 21:26:56.574,0.00,0.00,0.00,1.51,0.00,1.00,1.00,0.00,0.00,12.95,61.28,51.12,6.64,22.18,-0.33,-0.03,17.00,10.00,0.00,0.00,0.00
32674.00,2019-07-02 21:26:56.674,0.00,0.00,0.00,1.51,0.00,1.00,1.00,0.00,0.00,13.09,61.28,51.13,6.64,22.18,-0.31,-0.03,17.00,10.00,0.00,0.00,0.00
32774.00,2019-07-02 21:26:56.774,0.00,0.00,0.00,1.51,0.00,1.00,1.00,0.00,0.00,13.09,61.28,51.13,6.64,22.18,-0.31,-0.02,17.00,10.00,0.00,0.00,0.00
32874.00,2019-07-02 21:26:56.874,0.00,0.00,0.00,1.51,0.00,1.00,1.00,0.00,0.00,12.97,61.30,51.05,6.75,22.22,-0.31,-0.03,17.00,10.00,0.00,0.00,0.00
32974.00,2019-07-02 21:26:56.974,0.00,0.00,0.00,1.51,0.00,1.00,1.00,0.00,0.00,13.06,61.30,51.05,6.75,22.22,-0.30,-0.03,17.00,10.00,0.00,0.00,0.00
33074.00,2019-07-02 21:26:57.074,0.00,0.00,0.00,1.51,0.00,1.00,1.00,0.00,0.00,13.11,61.28,51.05,6.75,22.22,-0.32,-0.02,17.00,10.00,0.00,0.00,0.00
33174.00,2019-07-02 21:26:57.174,0.00,0.00,0.00,1.51,0.00,1.00,1.00,0.00,0.00,12.94,61.28,51.08,6.75,22.22,-0.28,-0.03,17.00,10.00,0.00,0.00,0.00
33274.00,2019-07-02 21:26:57.274,0.00,0.00,0.00,1.51,0.00,1.00,1.00,0.00,0.00,13.06,61.28,51.08,6.75,22.15,-0.31,-0.03,17.00,10.00,0.00,0.00,0.00
33374.00,2019-07-02 21:26:57.374,0.00,0.00,0.00,1.51,0.00,1.00,1.00,0.00,0.00,13.10,61.23,51.12,6.75,22.15,-0.31,-0.03,17.00,10.00,0.00,0.00,0.00
33474.00,2019-07-02 21:26:57.474,0.00,0.00,0.00,1.51,0.00,1.00,1.00,0.00,0.00,12.94,61.23,51.12,6.75,22.15,-0.30,-0.03,17.00,10.00,0.00,0.00,0.00
33574.00,2019-07-02 21:26:57.574,0.00,0.00,0.00,1.51,0.00,1.00,1.00,0.00,0.00,13.10,61.23,51.12,6.74,22.15,-0.33,-0.03,17.00,10.00,0.00,0.00,0.00
33674.00,2019-07-02 21:26:57.674,0.00,0.00,0.00,1.51,0.00,1.00,1.00,0.00,0.00,13.07,61.23,51.12,6.74,22.04,-0.28,-0.03,17.00,10.00,0.00,0.00,0.00
33774.00,2019-07-02 21:26:57.774,0.00,0.00,0.00,1.51,0.00,1.00,1.00,0.00,0.00,12.95,61.23,51.12,6.74,22.04,-0.32,-0.04,17.00,10.00,0.00,0.00,0.00
33874.00,2019-07-02 21:26:57.874,0.00,0.00,0.00,1.51,0.00,1.00,1.00,0.00,0.00,13.10,61.20,51.14,6.80,22.04,-0.31,-0.03,17.00,10.00,0.00,0.00,0.00
33974.00,2019-07-02 21:26:57.974,0.00,0.00,0.00,1.51,0.00,1.00,1.00,0.00,0.00,13.06,61.20,51.14,6.80,22.04,-0.34,-0.04,17.00,10.00,0.00,0.00,0.00
34074.00,2019-07-02 21:26:58.074,0.00,0.00,0.00,1.51,0.00,1.00,1.00,0.00,0.00,12.96,61.20,51.14,6.80,22.23,-0.31,-0.04,17.00,10.00,0.00,0.00,0.00
34174.00,2019-07-02 21:26:58.174,0.00,0.00,0.00,1.51,0.00,1.00,1.00,0.00,0.00,13.07,61.28,51.15,6.85,22.23,-0.31,-0.04,17.00,10.00,0.00,0.00,0.00
34274.00,2019-07-02 21:26:58.274,0.00,0.00,0.00,1.51,0.00,1.00,1.00,0.00,0.00,13.08,61.28,51.15,6.85,22.23,-0.32,-0.05,17.00,10.00,0.00,0.00,0.00
34374.00,2019-07-02 21:26:58.374,0.00,0.00,0.00,1.51,0.00,1.00,1.00,0.00,0.00,12.93,61.13,51.10,6.81,22.23,-0.29,-0.05,17.00,10.00,0.00,0.00,0.00
34474.00,2019-07-02 21:26:58.474,0.00,0.00,0.00,1.51,0.00,1.00,1.00,0.00,0.00,13.09,61.13,51.10,6.81,22.22,-0.31,-0.05,17.00,10.00,0.00,0.00,0.00
34574.00,2019-07-02 21:26:58.574,0.00,0.00,0.00,1.51,0.00,1.00,1.00,0.00,0.00,13.11,61.13,51.10,6.81,22.22,-0.32,-0.03,17.00,10.00,0.00,0.00,0.00
34674.00,2019-07-02 21:26:58.674,0.00,0.00,0.00,1.51,0.00,1.00,1.00,0.00,0.00,12.91,61.18,51.15,6.83,22.22,-0.31,-0.03,17.00,10.00,0.00,0.00,0.00
34774.00,2019-07-02 21:26:58.774,0.00,0.00,0.00,1.51,1.00,1.00,1.00,0.00,0.00,13.05,61.18,51.15,6.83,22.22,-0.31,-0.05,23.00,10.00,0.00,1.00,0.00
34874.00,2019-07-02 21:26:58.874,0.00,0.00,0.00,1.51,1.00,1.00,1.00,0.00,0.00,10.27,61.23,51.14,6.88,22.06,-0.41,-0.05,23.00,10.00,0.00,1.00,0.00
34974.00,2019-07-02 21:26:58.974,0.00,0.00,0.00,1.51,1.00,1.00,1.00,0.00,0.00,11.51,61.23,51.14,6.88,22.06,-0.35,-0.06,23.00,10.00,0.00,1.00,0.00
35074.00,2019-07-02 21:26:59.074,0.00,0.00,3.43,1.51,1.00,1.00,1.00,0.00,0.01,11.76,61.23,51.14,6.88,22.06,-0.35,-0.06,23.00,7000.00,-20.00,1.00,0.00
35174.00,2019-07-02 21:26:59.174,0.00,0.00,904.91,1.51,1.00,1.00,1.00,0.00,0.01,11.60,61.23,51.09,6.88,22.06,-0.29,-0.06,23.00,7000.00,-36.00,1.00,0.00
35274.00,2019-07-02 21:26:59.274,0.00,0.00,1016.32,1.51,1.00,1.00,1.00,0.00,0.02,11.41,61.23,51.09,6.88,22.02,-0.29,-0.06,23.00,7000.00,-38.00,1.00,0.00
35374.00,2019-07-02 21:26:59.374,0.00,0.00,1301.63,1.51,0.00,1.00,1.00,0.00,0.03,12.78,61.23,51.19,6.88,22.02,-0.30,-0.01,21.00,7000.00,-44.00,1.00,0.00
35474.00,2019-07-02 21:26:59.474,0.00,0.00,1489.28,1.51,0.00,1.00,1.00,0.00,0.03,12.91,61.21,51.19,7.09,22.02,-0.32,-0.03,21.00,7000.00,-50.00,1.00,0.00
35574.00,2019-07-02 21:26:59.574,0.00,0.00,1618.49,1.51,0.00,1.00,1.00,0.00,0.04,12.68,61.21,51.19,7.09,22.02,-0.29,-0.03,21.00,6768.36,-54.00,1.00,0.00
35674.00,2019-07-02 21:26:59.674,0.00,0.00,1680.98,1.51,0.00,1.00,1.00,0.00,0.05,12.94,61.20,51.10,3.84,22.05,-0.32,-0.03,21.00,6646.21,-55.00,1.00,0.00
35774.00,2019-07-02 21:26:59.774,0.00,0.00,1707.16,1.51,0.00,1.00,1.00,0.00,0.06,12.93,61.20,51.10,3.84,22.05,-0.31,-0.05,21.00,6595.02,-55.00,1.00,0.00
35874.00,2019-07-02 21:26:59.874,0.00,0.00,1743.38,1.51,0.00,1.00,1.00,0.00,0.07,12.77,61.20,51.12,3.84,22.05,-0.31,-0.06,21.00,6524.23,-56.00,1.00,0.00
35974.00,2019-07-02 21:26:59.974,1.28,0.12,1788.78,1.51,0.00,1.00,1.00,1.76,0.08,12.96,61.25,51.12,-4.73,22.05,-0.31,-0.05,21.00,6239.46,-58.00,1.00,0.00
36074.00,2019-07-02 21:27:00.074,1.28,0.12,1785.02,1.51,0.00,1.00,1.00,1.64,0.08,12.94,61.25,51.12,-4.73,22.04,-0.29,-0.04,21.00,6265.76,-58.00,1.00,0.00
36174.00,2019-07-02 21:27:00.174,1.28,0.12,1776.83,1.51,0.00,1.00,1.00,1.45,0.10,12.86,61.20,51.03,-15.91,22.04,-0.33,-0.02,21.00,6323.20,-57.00,1.00,0.00
36274.00,2019-07-02 21:27:00.274,1.23,0.23,1781.18,1.51,0.00,1.00,1.00,2.73,0.10,12.97,61.20,51.03,-15.91,22.04,-0.34,-0.02,21.00,6292.69,-58.00,1.00,0.00
36374.00,2019-07-02 21:27:00.374,1.33,0.23,1783.80,1.51,0.00,1.00,1.00,2.59,0.11,12.95,61.20,51.00,-15.91,22.04,-0.32,-0.01,21.00,6274.31,-58.00,1.00,0.00
36474.00,2019-07-02 21:27:00.474,1.33,0.23,1785.45,1.51,0.00,1.00,1.00,2.34,0.12,12.93,61.17,51.00,-27.12,21.94,-0.32,-0.00,21.00,6262.78,-58.00,1.00,0.00
36574.00,2019-07-02 21:27:00.574,1.75,0.35,1789.04,1.51,0.00,1.00,1.00,3.35,0.12,12.95,61.17,51.00,-27.12,21.94,-0.30,-0.00,21.00,6237.59,-58.00,1.00,0.00
36674.00,2019-07-02 21:27:00.674,1.75,0.35,1783.35,1.51,0.00,1.00,1.00,3.07,0.14,12.94,61.23,50.97,-37.20,21.94,-0.32,-0.00,21.00,6277.47,-58.00,1.00,0.00
36774.00,2019-07-02 21:27:00.774,2.12,0.47,1774.89,1.51,0.00,1.00,1.00,3.92,0.14,12.96,61.23,50.97,-37.20,21.94,-0.29,-0.00,21.00,6336.83,-56.00,1.00,0.00
36874.00,2019-07-02 21:27:00.874,2.47,0.59,1777.41,1.51,0.00,1.00,1.00,4.54,0.15,12.95,61.23,51.05,-37.20,21.91,-0.32,0.00,21.00,6319.14,-57.00,1.00,0.00
36974.00,2019-07-02 21:27:00.974,2.74,0.70,1776.38,1.48,0.00,1.00,1.00,5.25,0.16,12.96,61.23,51.05,-46.65,21.91,-0.32,0.00,21.00,6326.33,-57.00,1.00,0.00
37074.00,2019-07-02 21:27:01.074,2.79,0.70,1767.46,1.44,0.00,1.00,1.00,4.89,0.17,12.95,61.23,51.05,-46.65,21.91,-0.29,0.00,21.00,6388.88,-56.00,1.00,0.00
37174.00,2019-07-02 21:27:01.174,3.08,0.82,1766.24,1.41,0.00,1.00,1.00,5.52,0.18,12.96,61.23,51.01,-46.65,21.91,-0.32,0.01,21.00,6397.45,-56.00,1.00,0.00
37274.00,2019-07-02 21:27:01.274,3.35,0.94,1775.49,1.37,0.00,1.00,1.00,5.92,0.19,12.97,61.16,51.01,-55.80,21.84,-0.30,-0.00,21.00,6332.60,-57.00,1.00,0.00
37374.00,2019-07-02 21:27:01.374,3.61,1.05,1778.09,1.35,0.00,1.00,1.00,6.46,0.19,12.94,61.16,51.03,-55.80,21.84,-0.34,-0.04,21.00,6314.34,-58.00,1.00,0.00
37474.00,2019-07-02 21:27:01.474,3.82,1.17,1754.08,1.38,0.00,1.00,1.00,6.77,0.21,12.85,61.25,51.03,-64.07,21.84,-0.32,-0.03,21.00,6482.69,-56.00,1.00,0.00
37574.00,2019-07-02 21:27:01.574,4.04,1.29,1750.22,1.34,0.00,1.00,1.00,7.24,0.21,12.95,61.25,51.03,-64.07,21.84,-0.31,-0.03,21.00,6509.77,-56.00,1.00,0.00
37674.00,2019-07-02 21:27:01.674,4.26,1.40,1770.80,1.30,0.00,1.00,1.00,7.49,0.22,12.99,61.25,50.97,-64.07,21.80,-0.32,-0.04,21.00,6365.47,-56.00,1.00,0.00
37774.00,2019-07-02 21:27:01.774,4.43,1.52,1776.59,1.29,0.00,1.00,1.00,7.91,0.23,12.95,61.18,50.97,-71.95,21.80,-0.31,-0.04,21.00,6324.86,-57.00,1.00,0.00
37874.00,2019-07-02 21:27:01.874,4.79,1.76,1762.55,1.27,0.00,1.00,1.00,8.68,0.24,12.95,61.18,51.05,-71.95,21.80,-0.32,-0.05,21.00,6423.27,-56.00,1.00,0.00
37974.00,2019-07-02 21:27:01.974,5.03,1.87,1761.11,1.27,0.00,1.00,1.00,9.04,0.25,12.97,61.21,51.05,-79.82,21.80,-0.29,-0.05,21.00,6433.42,-56.00,1.00,0.00
38074.00,2019-07-02 21:27:02.074,5.20,1.99,1763.98,1.27,0.00,1.00,1.00,9.18,0.26,12.94,61.21,51.05,-79.82,21.79,-0.33,-0.03,21.00,6413.28,-56.00,1.00,0.00
38174.00,2019-07-02 21:27:02.174,5.48,2.22,1760.18,1.22,0.00,1.00,1.00,10.03,0.26,13.00,61.21,51.03,-79.82,21.79,-0.31,-0.04,21.00,6439.94,-56.00,1.00,0.00
38274.00,2019-07-02 21:27:02.274,5.66,2.34,1761.26,1.20,0.00,1.00,1.00,10.11,0.28,12.98,61.21,51.03,-87.55,21.79,-0.29,-0.03,21.00,6432.34,-56.00,1.00,0.00
38374.00,2019-07-02 21:27:02.374,5.97,2.57,1763.25,1.20,0.00,1.00,1.00,10.89,0.28,12.97,61.21,51.05,-87.55,21.79,-0.32,-0.01,21.00,6418.37,-56.00,1.00,0.00
38474.00,2019-07-02 21:27:02.474,6.12,2.69,1750.65,1.18,0.00,1.00,1.00,11.15,0.29,13.00,61.21,51.05,-87.55,21.77,-0.30,-0.01,21.00,6506.73,-56.00,1.00,0.00
38574.00,2019-07-02 21:27:02.574,6.41,2.93,1770.02,1.15,0.00,1.00,1.00,11.65,0.30,12.99,61.20,51.05,-95.00,21.77,-0.33,0.00,21.00,6370.97,-56.00,1.00,0.00
38674.00,2019-07-02 21:27:02.674,6.57,3.04,1783.41,1.15,0.00,1.00,1.00,11.89,0.30,12.95,61.20,51.02,-95.00,21.77,-0.31,0.01,21.00,6277.10,-58.00,1.00,0.00
38774.00,2019-07-02 21:27:02.774,6.83,3.28,1784.89,1.15,0.00,1.00,1.00,12.34,0.32,12.95,61.20,51.02,-101.76,21.77,-0.32,0.00,21.00,6266.69,-58.00,1.00,0.00
38874.00,2019-07-02 21:27:02.874,7.08,3.51,1799.07,1.13,0.00,1.00,1.00,12.99,0.32,12.97,61.20,50.97,-101.76,21.80,-0.32,0.00,21.00,6167.27,-58.00,1.00,0.00
38974.00,2019-07-02 21:27:02.974,7.32,3.75,1844.48,1.18,0.00,1.00,1.00,13.40,0.33,12.98,61.20,50.97,-101.76,21.80,-0.31,0.00,21.00,5848.96,-61.00,1.00,0.00
39074.00,2019-07-02 21:27:03.074,7.56,3.98,1852.94,1.18,0.00,1.00,1.00,14.02,0.34,12.95,61.20,50.97,-108.92,21.80,-0.33,-0.01,21.00,5789.66,-62.00,1.00,0.00
39174.00,2019-07-02 21:27:03.174,7.68,4.10,1899.31,1.18,0.00,1.00,1.00,14.00,0.35,12.99,61.20,50.97,-108.92,21.80,-0.30,-0.05,21.00,5464.62,-64.00,1.00,0.00
39274.00,2019-07-02 21:27:03.274,7.95,4.33,1945.59,1.21,0.00,1.00,1.00,14.40,0.36,12.96,61.26,50.97,-116.08,21.74,-0.32,-0.03,21.00,5140.17,-67.00,1.00,0.00
39374.00,2019-07-02 21:27:03.374,8.20,4.56,1961.46,1.18,0.00,1.00,1.00,14.98,0.36,12.99,61.26,51.00,-116.08,21.74,-0.31,-0.04,21.00,5028.92,-68.00,1.00,0.00
39474.00,2019-07-02 21:27:03.474,8.53,4.92,2032.07,1.22,0.00,1.00,1.00,15.73,0.37,12.96,61.26,51.00,-116.08,21.74,-0.30,-0.03,21.00,4928.23,-71.00,1.00,0.00
39574.00,2019-07-02 21:27:03.574,8.74,5.15,2041.16,1.25,0.00,1.00,1.00,16.08,0.38,12.91,61.21,51.00,-123.37,21.74,-0.32,-0.04,21.00,4976.27,-71.00,1.00,0.00
39674.00,2019-07-02 21:27:03.674,8.98,5.38,2070.46,1.30,0.00,1.00,1.00,16.60,0.39,12.95,61.21,50.92,-123.37,21.76,-0.30,-0.01,21.00,5131.12,-72.00,1.00,0.00
39774.00,2019-07-02 21:27:03.774,9.19,5.62,2136.33,1.28,0.00,1.00,1.00,16.88,0.40,12.99,61.21,50.92,-123.37,21.76,-0.33,-0.02,21.00,5479.22,-73.00,1.00,0.00
39874.00,2019-07-02 21:27:03.874,9.48,5.97,2147.96,1.30,0.00,1.00,1.00,17.48,0.41,12.96,61.25,50.98,-130.51,21.76,-0.31,-0.03,21.00,5540.66,-73.00,1.00,0.00
39974.00,2019-07-02 21:27:03.974,9.68,6.20,2223.46,1.29,0.00,1.00,1.00,17.70,0.42,12.95,61.25,50.98,-130.51,21.76,-0.32,-0.03,21.00,5939.65,-75.00,1.00,0.00
40074.00,2019-07-02 21:27:04.074,9.93,6.44,2288.85,1.23,0.00,1.00,1.00,17.89,0.43,12.98,61.23,50.98,-138.07,21.73,-0.32,-0.02,21.00,5985.63,-76.00,1.00,0.00
40174.00,2019-07-02 21:27:04.174,10.25,6.79,2310.80,1.21,0.00,1.00,1.00,18.40,0.44,12.92,61.23,50.97,-138.07,21.73,-0.31,-0.02,21.00,5932.36,-76.00,1.00,0.00
40274.00,2019-07-02 21:27:04.274,10.55,7.14,2385.50,1.24,0.00,1.00,1.00,18.89,0.45,12.88,61.23,50.97,-138.07,21.73,-0.33,-0.02,21.00,5751.08,-77.00,1.00,0.00
40374.00,2019-07-02 21:27:04.374,10.75,7.37,2398.75,1.22,0.00,1.00,1.00,19.06,0.46,12.85,61.23,51.03,-146.66,21.73,-0.29,-0.01,21.00,5718.91,-78.00,1.00,0.00
40474.00,2019-07-02 21:27:04.474,11.07,7.72,2464.32,1.15,0.00,1.00,1.00,19.53,0.47,12.95,61.23,51.03,-146.66,21.76,-0.31,-0.02,21.00,5559.79,-79.00,1.00,0.00
40574.00,2019-07-02 21:27:04.574,11.39,8.08,2557.27,1.15,0.00,1.00,1.00,19.98,0.48,12.97,61.20,51.03,-156.55,21.76,-0.33,-0.03,21.00,5546.01,-81.00,1.00,0.00
40674.00,2019-07-02 21:27:04.674,11.75,8.43,2591.46,1.16,0.00,1.00,1.00,20.41,0.49,12.96,61.20,50.91,-156.55,21.76,-0.30,-0.02,21.00,5589.47,-81.00,1.00,0.00
40774.00,2019-07-02 21:27:04.774,12.01,8.78,2625.88,1.20,0.00,1.00,1.00,20.82,0.50,12.98,61.20,50.91,-156.55,21.76,-0.33,-0.02,21.00,5633.24,-82.00,1.00,0.00
40874.00,2019-07-02 21:27:04.874,12.34,9.13,2669.93,1.23,0.00,1.00,1.00,21.21,0.51,12.94,61.26,50.92,-168.25,21.71,-0.30,-0.03,21.00,5689.24,-83.00,1.00,0.00
40974.00,2019-07-02 21:27:04.974,12.59,9.48,2743.99,1.27,0.00,1.00,1.00,21.36,0.53,12.90,61.26,50.92,-168.25,21.71,-0.34,-0.04,21.00,5783.40,-84.00,1.00,0.00
41074.00,2019-07-02 21:27:05.074,12.91,9.83,2814.39,1.30,0.00,1.00,1.00,21.72,0.54,12.95,61.26,50.92,-168.25,21.71,-0.32,-0.00,21.00,5773.70,-85.00,1.00,0.00
41174.00,2019-07-02 21:27:05.174,13.22,10.18,2900.30,1.28,0.00,1.00,1.00,21.85,0.55,12.96,61.28,50.92,-181.87,21.71,-0.31,-0.03,21.00,5750.56,-87.00,1.00,0.00
41274.00,2019-07-02 21:27:05.274,13.57,10.65,2954.28,1.31,0.00,1.00,1.00,22.42,0.56,12.96,61.28,50.92,-181.87,21.70,-0.32,-0.01,21.00,5736.02,-88.00,1.00,0.00
41374.00,2019-07-02 21:27:05.374,13.86,11.00,2979.81,1.33,0.00,1.00,1.00,22.74,0.57,12.94,61.27,50.97,-197.90,21.70,-0.31,-0.03,21.00,5729.14,-88.00,1.00,0.00
41474.00,2019-07-02 21:27:05.474,14.27,11.47,3086.02,1.26,0.00,1.00,1.00,23.07,0.59,12.96,61.27,50.97,-197.90,21.70,-0.35,0.00,21.00,5705.84,-90.00,1.00,0.00
41574.00,2019-07-02 21:27:05.574,14.59,11.82,3193.70,1.25,0.00,1.00,1.00,23.16,0.61,12.93,61.27,50.97,-197.90,21.70,-0.29,-0.01,21.00,5683.49,-92.00,1.00,0.00
41674.00,2019-07-02 21:27:05.674,15.03,12.29,3231.37,1.27,0.00,1.00,1.00,23.67,0.62,12.94,61.25,50.88,-199.92,21.72,-0.30,-0.02,21.00,5675.68,-93.00,1.00,0.00
41774.00,2019-07-02 21:27:05.774,15.44,12.76,3299.15,1.25,0.00,1.00,1.00,23.96,0.63,12.98,61.25,50.88,-199.92,21.72,-0.32,-0.02,21.00,5611.63,-94.00,1.00,0.00
41874.00,2019-07-02 21:27:05.874,15.73,13.22,3384.95,1.26,0.00,1.00,1.00,24.25,0.65,12.93,61.32,50.92,-199.92,21.72,-0.32,-0.04,21.00,5506.58,-95.00,1.00,0.00
41974.00,2019-07-02 21:27:05.974,16.08,13.58,3491.01,1.25,0.00,1.00,1.00,24.33,0.66,12.91,61.32,50.92,-199.92,21.72,-0.32,-0.01,21.00,5376.73,-97.00,1.00,0.00
42074.00,2019-07-02 21:27:06.074,16.52,14.16,3541.39,1.26,0.00,1.00,1.00,24.82,0.68,12.85,61.32,50.92,-199.92,21.74,-0.28,-0.02,21.00,5365.78,-98.00,1.00,0.00
42174.00,2019-07-02 21:27:06.174,16.89,14.63,3568.77,1.28,0.00,1.00,1.00,25.08,0.69,12.87,61.30,50.97,-199.92,21.74,-0.31,-0.01,21.00,5365.82,-99.00,1.00,0.00
42274.00,2019-07-02 21:27:06.274,17.14,15.10,3692.65,1.30,0.00,1.00,1.00,25.34,0.71,12.86,61.30,50.97,-199.92,21.74,-0.31,-0.01,21.00,5365.99,-101.00,1.00,0.00
42374.00,2019-07-02 21:27:06.374,17.50,15.57,3765.77,1.33,0.00,1.00,1.00,25.58,0.72,12.92,61.30,50.96,-199.92,21.74,-0.31,-0.00,21.00,5361.91,-102.00,1.00,0.00
42474.00,2019-07-02 21:27:06.474,17.94,16.15,3798.79,1.34,0.00,1.00,1.00,26.00,0.74,12.97,61.32,50.96,-199.92,21.83,-0.32,-0.07,21.00,5353.18,-103.00,1.00,0.00
42574.00,2019-07-02 21:27:06.574,18.07,16.62,3623.08,1.33,0.00,1.00,1.00,26.23,0.75,12.95,61.32,50.96,-199.92,21.83,-0.32,-0.04,21.00,5365.89,-100.00,1.00,0.00
42674.00,2019-07-02 21:27:06.674,17.87,17.09,3106.88,1.43,0.00,1.00,1.00,26.42,0.77,12.95,61.26,50.95,-199.92,21.83,-0.34,-0.02,21.00,5701.52,-90.00,1.00,0.00
42774.00,2019-07-02 21:27:06.774,17.90,17.56,2919.49,1.51,0.00,1.00,1.00,26.77,0.78,12.96,61.26,50.95,-199.92,21.83,-0.27,-0.02,21.00,5745.39,-87.00,1.00,0.00
42874.00,2019-07-02 21:27:06.874,17.83,18.14,2724.30,1.51,0.00,2.00,1.00,27.29,0.79,12.87,61.26,51.00,-199.92,22.11,-0.32,-0.05,21.00,5758.37,-84.00,1.00,0.00
42974.00,2019-07-02 21:27:06.974,17.81,18.61,2516.09,1.51,0.00,2.00,1.00,27.64,0.80,12.79,61.32,51.00,-199.92,22.11,-0.32,-0.02,21.00,5413.78,-80.00,1.00,0.00
43074.00,2019-07-02 21:27:07.074,17.90,19.08,1936.86,1.51,0.00,2.00,1.00,27.91,0.81,12.89,61.32,51.00,-199.92,22.11,-0.31,-0.03,21.00,8331.46,-66.00,1.00,0.00
43174.00,2019-07-02 21:27:07.174,17.92,19.54,1543.61,1.51,0.00,2.00,1.00,28.38,0.82,12.98,61.28,51.03,-199.92,22.11,-0.32,-0.03,21.00,7000.00,-52.00,1.00,0.00
43274.00,2019-07-02 21:27:07.274,17.93,20.13,2104.23,1.51,0.00,2.00,1.00,28.78,0.83,12.81,61.28,51.03,-199.92,22.26,-0.29,-0.00,21.00,7314.59,-72.00,1.00,0.00
43374.00,2019-07-02 21:27:07.374,18.12,20.60,2015.21,1.51,0.00,2.00,1.00,29.00,0.84,12.95,61.28,51.05,-199.92,22.26,-0.32,-0.02,21.00,8567.26,-71.00,1.00,0.00
43474.00,2019-07-02 21:27:07.474,18.20,21.07,2155.02,1.51,0.00,2.00,1.00,29.21,0.86,12.97,61.23,51.05,-199.92,22.26,-0.31,-0.01,21.00,6599.87,-73.00,1.00,0.00
43574.00,2019-07-02 21:27:07.574,18.30,21.65,2072.72,1.44,0.00,2.00,1.00,29.78,0.86,12.94,61.23,51.05,-199.92,22.26,-0.31,-0.03,21.00,7758.04,-72.00,1.00,0.00
43674.00,2019-07-02 21:27:07.674,18.42,22.12,2116.85,1.32,0.00,2.00,1.00,29.97,0.88,12.98,61.23,50.97,-199.92,22.09,-0.35,-0.02,21.00,7136.98,-73.00,1.00,0.00
43774.00,2019-07-02 21:27:07.774,18.54,22.59,2112.16,1.28,0.00,2.00,1.00,30.17,0.89,12.94,61.15,50.97,-199.92,22.09,-0.29,-0.04,21.00,7203.05,-73.00,1.00,0.00
43874.00,2019-07-02 21:27:07.874,18.65,23.17,2118.05,1.26,0.00,2.00,1.00,30.52,0.90,12.95,61.15,51.02,-199.92,22.09,-0.33,-0.02,21.00,7120.16,-73.00,1.00,0.00
43974.00,2019-07-02 21:27:07.974,18.77,23.64,2143.47,1.26,0.00,2.00,1.00,30.93,0.91,12.96,61.10,51.02,-199.92,22.09,-0.30,-0.02,21.00,6762.38,-73.00,1.00,0.00
44074.00,2019-07-02 21:27:08.074,18.90,24.23,2145.08,1.25,0.00,2.00,1.00,31.27,0.92,12.98,61.10,51.02,-199.92,21.98,-0.31,-0.04,21.00,6739.73,-73.00,1.00,0.00
44174.00,2019-07-02 21:27:08.174,19.01,24.81,2168.41,1.25,0.00,2.00,1.00,31.64,0.93,12.97,61.10,50.98,-199.92,21.98,-0.31,0.04,21.00,6411.35,-74.00,1.00,0.00
44274.00,2019-07-02 21:27:08.274,19.14,25.28,2191.58,1.23,0.00,2.00,1.00,31.83,0.94,12.95,61.18,50.98,-199.92,21.98,-0.31,-0.03,21.00,6085.33,-74.00,1.00,0.00
44374.00,2019-07-02 21:27:08.374,19.23,25.86,2171.36,1.19,0.00,2.00,1.00,32.19,0.95,12.94,61.18,51.10,-199.92,21.98,-0.32,0.01,21.00,6369.94,-74.00,1.00,0.00
44474.00,2019-07-02 21:27:08.474,19.37,26.33,2203.17,1.19,0.00,2.00,1.00,32.58,0.96,12.94,61.13,51.10,-199.92,22.04,-0.30,-0.03,21.00,5922.25,-74.00,1.00,0.00
44574.00,2019-07-02 21:27:08.574,19.48,26.92,2200.87,1.17,0.00,2.00,1.00,32.94,0.97,12.98,61.13,51.10,-199.92,22.04,-0.31,-0.03,21.00,5954.66,-74.00,1.00,0.00
44674.00,2019-07-02 21:27:08.674,19.66,27.50,2235.43,1.16,0.00,2.00,1.00,33.30,0.98,12.94,61.13,51.05,-199.92,22.04,-0.32,-0.01,21.00,5468.29,-75.00,1.00,0.00
44774.00,2019-07-02 21:27:08.774,19.76,27.97,2226.76,1.16,0.00,2.00,1.00,33.52,0.99,12.96,61.11,51.05,-199.92,22.04,-0.32,-0.01,21.00,5590.29,-75.00,1.00,0.00
44874.00,2019-07-02 21:27:08.874,19.89,28.56,2240.90,1.18,0.00,2.00,1.00,33.87,1.00,12.96,61.11,51.07,-199.92,21.87,-0.32,-0.03,21.00,5391.33,-75.00,1.00,0.00
44974.00,2019-07-02 21:27:08.974,20.04,29.14,2263.81,1.23,0.00,2.00,1.00,34.22,1.01,12.90,61.11,51.07,-199.92,21.87,-0.31,-0.02,21.00,5271.43,-75.00,1.00,0.00
45074.00,2019-07-02 21:27:09.074,20.17,29.73,2283.41,1.21,0.00,2.00,1.00,34.57,1.02,12.91,61.06,51.07,-199.92,21.87,-0.33,-0.04,21.00,5283.09,-76.00,1.00,0.00
45174.00,2019-07-02 21:27:09.174,20.29,30.31,2265.09,1.20,0.00,2.00,1.00,34.92,1.03,12.99,61.06,51.17,-199.92,21.87,-0.30,-0.02,21.00,5272.19,-75.00,1.00,0.00
45274.00,2019-07-02 21:27:09.274,20.36,30.90,2263.04,1.22,0.00,2.00,1.00,35.42,1.04,12.95,61.05,51.17,-199.92,21.91,-0.31,-0.01,21.00,5270.97,-75.00,1.00,0.00
45374.00,2019-07-02 21:27:09.374,20.55,31.48,2313.79,1.27,0.00,2.00,1.00,35.75,1.05,12.98,61.05,51.28,-199.92,21.91,-0.31,-0.02,21.00,5301.15,-76.00,1.00,0.00
45474.00,2019-07-02 21:27:09.474,20.68,31.95,2317.50,1.26,0.00,2.00,1.00,35.94,1.06,12.95,61.05,51.28,-199.92,21.91,-0.31,-0.03,21.00,5303.36,-76.00,1.00,0.00
45574.00,2019-07-02 21:27:09.574,20.81,32.54,2313.25,1.24,0.00,2.00,1.00,36.26,1.07,12.95,60.99,51.28,-199.92,21.91,-0.32,-0.02,21.00,5300.83,-76.00,1.00,0.00
45674.00,2019-07-02 21:27:09.674,20.92,33.12,2323.92,1.26,0.00,2.00,1.00,36.58,1.08,12.95,60.99,51.26,-199.92,21.84,-0.29,-0.03,21.00,5307.18,-76.00,1.00,0.00
45774.00,2019-07-02 21:27:09.774,22.28,33.94,2336.77,1.25,0.00,2.00,1.00,37.14,1.09,12.96,60.95,51.26,-199.92,21.84,-0.31,-0.03,21.00,5314.82,-77.00,1.00,0.00
45874.00,2019-07-02 21:27:09.874,21.89,34.53,2350.45,1.22,0.00,2.00,1.00,37.44,1.10,12.97,60.95,51.21,-199.92,21.84,-0.29,-0.03,21.00,5322.96,-77.00,1.00,0.00
45974.00,2019-07-02 21:27:09.974,21.82,35.11,2370.00,1.24,0.00,2.00,1.00,37.73,1.11,12.95,60.95,51.21,-199.92,21.84,-0.31,-0.03,21.00,5334.58,-77.00,1.00,0.00
46074.00,2019-07-02 21:27:10.074,21.80,35.70,2377.84,1.25,0.00,2.00,1.00,38.02,1.12,12.97,61.02,51.21,-199.92,21.93,-0.32,-0.04,21.00,5339.24,-77.00,1.00,0.00
46174.00,2019-07-02 21:27:10.174,21.77,36.28,2379.72,1.24,0.00,2.00,1.00,38.30,1.13,12.94,61.02,51.21,-199.92,21.93,-0.31,-0.04,21.00,5340.37,-77.00,1.00,0.00
46274.00,2019-07-02 21:27:10.274,21.94,36.87,2431.22,1.26,0.00,2.00,1.00,38.57,1.14,12.96,61.02,51.21,-199.92,21.93,-0.34,-0.03,21.00,5370.99,-78.00,1.00,0.00
46374.00,2019-07-02 21:27:10.374,21.98,37.57,2393.06,1.26,0.00,2.00,1.00,38.96,1.15,12.95,60.95,51.23,-199.92,21.93,-0.31,-0.03,21.00,5348.30,-78.00,1.00,0.00
46474.00,2019-07-02 21:27:10.474,22.15,38.15,2450.88,1.26,0.00,2.00,1.00,39.23,1.16,12.94,60.95,51.23,-199.92,22.17,-0.31,-0.04,21.00,5382.68,-79.00,1.00,0.00
46574.00,2019-07-02 21:27:10.574,22.26,38.74,2438.43,1.29,0.00,2.00,1.00,39.49,1.17,12.96,60.97,51.23,-199.92,22.17,-0.32,-0.03,21.00,5375.28,-78.00,1.00,0.00
46674.00,2019-07-02 21:27:10.674,22.33,39.32,2459.22,1.26,0.00,2.00,1.00,39.74,1.18,12.96,60.97,51.30,-199.92,22.17,-0.29,-0.02,21.00,5387.64,-79.00,1.00,0.00
46774.00,2019-07-02 21:27:10.774,22.53,40.03,2464.42,1.25,0.00,2.00,1.00,40.11,1.19,12.94,60.97,51.30,-199.92,22.17,-0.33,-0.02,21.00,5390.74,-79.00,1.00,0.00
46874.00,2019-07-02 21:27:10.874,22.70,40.61,2507.10,1.28,0.00,2.00,1.00,40.36,1.20,12.98,60.95,51.35,-199.92,22.34,-0.30,-0.04,21.00,5412.73,-80.00,1.00,0.00
46974.00,2019-07-02 21:27:10.974,22.73,41.31,2460.73,1.26,0.00,2.00,1.00,40.71,1.21,12.94,60.95,51.35,-199.92,22.34,-0.31,-0.04,21.00,5388.54,-79.00,1.00,0.00
47074.00,2019-07-02 21:27:11.074,22.87,41.90,2533.68,1.24,0.00,2.00,1.00,40.95,1.22,12.97,60.93,51.35,-199.92,22.34,-0.31,-0.04,21.00,5415.83,-80.00,1.00,0.00
47174.00,2019-07-02 21:27:11.174,23.09,42.60,2546.85,1.26,0.00,2.00,1.00,41.12,1.23,12.92,60.93,51.37,-199.92,22.34,-0.32,-0.01,21.00,5417.37,-80.00,1.00,0.00
47274.00,2019-07-02 21:27:11.274,23.21,43.19,2532.77,1.28,0.00,2.00,1.00,41.35,1.24,12.96,60.93,51.37,-199.92,22.42,-0.31,-0.02,21.00,5415.73,-80.00,1.00,0.00
47374.00,2019-07-02 21:27:11.374,23.40,43.89,2575.83,1.25,0.00,2.00,1.00,41.68,1.25,12.94,60.88,51.41,-199.92,22.42,-0.30,-0.01,21.00,5420.76,-81.00,1.00,0.00
47474.00,2019-07-02 21:27:11.474,23.52,44.59,2546.20,1.25,0.00,2.00,1.00,42.01,1.26,12.98,60.88,51.41,-199.92,22.42,-0.36,-0.01,21.00,5417.30,-80.00,1.00,0.00
47574.00,2019-07-02 21:27:11.574,23.67,45.18,2599.37,1.28,0.00,2.00,1.00,42.22,1.27,12.96,60.88,51.41,-199.92,22.42,-0.30,-0.03,21.00,5423.51,-81.00,1.00,0.00
47674.00,2019-07-02 21:27:11.674,23.86,45.88,2591.18,1.29,0.00,2.00,1.00,42.54,1.28,12.94,60.93,51.48,-199.92,22.26,-0.31,-0.05,21.00,5422.55,-81.00,1.00,0.00
47774.00,2019-07-02 21:27:11.774,23.96,46.58,2591.46,1.29,0.00,2.00,1.00,42.86,1.29,12.98,60.93,51.48,-199.92,22.26,-0.32,-0.03,21.00,5422.58,-81.00,1.00,0.00
0.00,2019-07-02 21:26:24.000
54615.00,2019-07-02 21:27:18.615,35.29,103.34,3657.31,1.36,0.00,2.00,1.00,55.62,2.21,12.95,58.07,52.77,-199.92,22.34,-0.32,-0.05,17.00,5138.02,-100.00,0.00,0.00
54715.00,2019-07-02 21:27:18.715,34.93,104.16,3310.80,1.40,0.00,2.00,1.00,55.68,2.22,12.92,58.07,52.92,-199.92,22.34,-0.31,-0.04,17.00,5610.84,-94.00,0.00,0.00
54815.00,2019-07-02 21:27:18.815,34.85,105.10,3059.66,1.51,0.00,2.00,1.00,55.79,2.24,12.93,58.07,52.92,-199.92,22.34,-0.31,-0.02,17.00,5630.68,-90.00,0.00,0.00
54915.00,2019-07-02 21:27:18.915,34.95,106.15,2881.08,1.51,0.00,2.00,1.00,56.09,2.25,12.82,58.03,53.02,-199.92,22.38,-0.31,-0.05,17.00,5529.17,-86.00,0.00,0.00
55015.00,2019-07-02 21:27:19.015,34.75,107.09,2689.32,1.51,0.00,2.00,1.00,56.33,2.26,12.94,58.03,53.02,-199.92,22.38,-0.33,-0.01,17.00,5434.02,-83.00,0.00,0.00
55115.00,2019-07-02 21:27:19.115,34.74,108.02,2491.18,1.51,0.00,2.00,1.00,56.57,2.27,12.81,58.03,53.02,-199.92,22.38,-0.30,-0.07,17.00,5406.65,-79.00,0.00,0.00
55215.00,2019-07-02 21:27:19.215,34.73,108.96,2283.15,1.51,0.00,2.00,1.00,56.81,2.28,12.82,58.01,53.04,-199.92,22.38,-0.31,-0.00,17.00,5282.93,-76.00,0.00,0.00
55315.00,2019-07-02 21:27:19.315,34.75,109.90,2058.60,1.51,0.00,2.00,1.00,56.98,2.29,12.93,58.01,53.04,-199.92,22.44,-0.33,-0.04,17.00,7956.69,-72.00,0.00,0.00
55415.00,2019-07-02 21:27:19.415,34.77,110.95,1936.80,1.51,0.00,2.00,1.00,57.34,2.30,12.97,57.93,53.10,-199.92,22.44,-0.30,-0.02,17.00,8331.01,-66.00,0.00,0.00
55515.00,2019-07-02 21:27:19.515,34.67,111.89,1666.16,1.51,0.00,2.00,1.00,57.51,2.31,12.80,57.93,53.10,-199.92,22.44,-0.32,-0.04,17.00,7000.00,-54.00,0.00,0.00
55615.00,2019-07-02 21:27:19.615,34.72,112.82,1513.20,1.51,0.00,2.00,1.00,57.83,2.32,12.94,57.93,53.10,-199.92,22.44,-0.32,-0.05,17.00,7000.00,-52.00,0.00,0.00
55715.00,2019-07-02 21:27:19.715,34.61,113.76,1331.81,1.51,0.00,2.00,1.00,58.15,2.32,12.81,57.87,53.25,-199.92,22.77,-0.34,0.00,17.00,7000.00,-44.00,0.00,0.00
55815.00,2019-07-02 21:27:19.815,34.52,114.69,1089.73,1.51,0.00,2.00,1.00,58.47,2.33,12.97,57.87,53.25,-199.92,22.77,-0.33,0.00,17.00,7000.00,-39.00,0.00,0.00
55915.00,2019-07-02 21:27:19.915,34.63,115.63,1534.68,1.51,0.00,2.00,1.00,58.79,2.34,12.98,57.87,53.32,-199.92,22.77,-0.30,-0.01,17.00,7000.00,-52.00,0.00,0.00
56015.00,2019-07-02 21:27:20.015,34.57,116.57,1534.68,1.51,0.00,2.00,1.00,59.27,2.34,12.98,57.87,53.32,-199.92,22.77,-0.32,-0.07,17.00,7000.00,-52.00,0.00,0.00
56115.00,2019-07-02 21:27:20.115,34.50,117.50,1534.68,1.51,0.00,2.00,1.00,59.75,2.34,12.95,57.87,53.32,-199.92,22.99,-0.32,-0.04,17.00,7000.00,-52.00,0.00,0.00
56215.00,2019-07-02 21:27:20.215,34.43,118.44,427.62,1.51,0.00,2.00,1.00,60.06,2.34,12.84,57.84,53.27,-199.92,22.99,-0.32,-0.04,17.00,7000.00,-27.00,0.00,0.00
56315.00,2019-07-02 21:27:20.315,34.39,119.38,1051.64,1.51,0.00,2.00,1.00,60.37,2.35,12.94,57.84,53.27,-199.92,22.99,-0.30,-0.01,17.00,7000.00,-38.00,0.00,0.00
56415.00,2019-07-02 21:27:20.415,34.54,120.31,1051.64,1.51,0.00,2.00,1.00,60.85,2.35,12.98,57.84,53.48,-199.92,22.99,-0.31,-0.01,17.00,7000.00,-38.00,0.00,0.00
56515.00,2019-07-02 21:27:20.515,34.37,121.37,1051.64,1.51,0.00,2.00,1.00,61.38,2.35,12.81,57.87,53.48,-199.92,22.99,-0.32,-0.01,17.00,7000.00,-38.00,0.00,0.00
56615.00,2019-07-02 21:27:20.615,34.37,122.30,1051.64,1.51,0.00,2.00,1.00,61.85,2.35,12.96,57.87,53.48,-199.92,22.99,-0.31,-0.01,17.00,7000.00,-38.00,0.00,0.00
56715.00,2019-07-02 21:27:20.715,34.37,123.24,1051.64,1.51,0.00,2.00,1.00,62.33,2.35,12.97,57.75,53.53,-199.92,22.99,-0.32,-0.05,17.00,7000.00,-38.00,0.00,0.00
56815.00,2019-07-02 21:27:20.815,34.38,124.17,0.00,1.51,0.00,2.00,1.00,62.80,2.35,12.81,57.75,53.53,-199.92,22.99,-0.30,-0.03,17.00,7000.00,-38.00,0.00,0.00
56915.00,2019-07-02 21:27:20.915,34.23,125.11,0.00,1.51,0.00,2.00,1.00,63.27,2.35,12.99,57.75,53.57,-199.92,22.92,-0.32,-0.05,17.00,7000.00,-38.00,0.00,0.00
57015.00,2019-07-02 21:27:21.015,34.27,126.05,0.00,1.51,0.00,2.00,1.00,63.75,2.35,12.95,57.57,53.57,-199.92,22.92,-0.29,-0.04,17.00,7000.00,-38.00,0.00,0.00
57115.00,2019-07-02 21:27:21.115,34.30,126.98,0.00,1.51,0.00,2.00,1.00,64.22,2.35,12.83,57.57,53.57,-199.92,22.92,-0.30,-0.02,17.00,7000.00,-38.00,0.00,0.00
57215.00,2019-07-02 21:27:21.215,34.24,128.04,0.00,1.51,0.00,2.00,1.00,64.75,2.35,12.96,57.45,53.69,-199.92,22.92,-0.31,-0.03,17.00,7000.00,-38.00,0.00,0.00
57315.00,2019-07-02 21:27:21.315,34.30,128.97,0.00,1.51,0.00,2.00,1.00,65.23,2.35,12.96,57.45,53.69,-199.92,22.85,-0.30,-0.02,17.00,7000.00,-38.00,0.00,0.00
57415.00,2019-07-02 21:27:21.415,34.21,129.91,0.00,1.51,0.00,2.00,1.00,65.70,2.35,12.84,57.45,53.75,-199.92,22.85,-0.35,-0.05,17.00,7000.00,-38.00,0.00,0.00
57515.00,2019-07-02 21:27:21.515,34.24,130.84,0.00,1.51,0.00,2.00,1.00,66.17,2.35,12.94,57.36,53.75,-199.92,22.85,-0.30,-0.04,17.00,7000.00,-38.00,0.00,0.00
57615.00,2019-07-02 21:27:21.615,34.24,131.78,0.00,1.51,0.00,2.00,1.00,66.65,2.35,12.98,57.36,53.75,-199.92,22.85,-0.31,-0.04,17.00,7000.00,-38.00,0.00,0.00
57715.00,2019-07-02 21:27:21.715,34.17,132.72,0.00,1.51,0.00,2.00,1.00,67.12,2.35,12.81,57.36,53.85,-199.92,22.74,-0.31,-0.03,17.00,7000.00,-38.00,0.00,0.00
57815.00,2019-07-02 21:27:21.815,34.12,133.65,0.00,1.51,0.00,2.00,1.00,67.59,2.35,12.97,57.24,53.85,-199.92,22.74,-0.31,-0.02,17.00,7000.00,-38.00,0.00,0.00
57915.00,2019-07-02 21:27:21.915,34.22,134.59,0.00,1.51,0.00,2.00,1.00,68.07,2.35,12.98,57.24,53.94,-199.92,22.74,-0.32,-0.04,17.00,7000.00,-38.00,0.00,0.00
58015.00,2019-07-02 21:27:22.015,34.08,135.53,0.00,1.51,0.00,2.00,1.00,68.54,2.35,12.81,57.16,53.94,-199.92,22.74,-0.30,-0.04,17.00,7000.00,-38.00,0.00,0.00
58115.00,2019-07-02 21:27:22.115,34.07,136.46,0.00,1.51,0.00,2.00,1.00,69.02,2.35,12.99,57.16,53.94,-199.92,22.64,-0.33,-0.02,17.00,7000.00,-38.00,0.00,0.00
58215.00,2019-07-02 21:27:22.215,34.08,137.52,0.00,1.51,0.00,2.00,1.00,69.55,2.35,12.95,57.16,53.98,-199.92,22.64,-0.31,-0.04,17.00,7000.00,-38.00,0.00,0.00
58315.00,2019-07-02 21:27:22.315,34.06,138.45,0.00,1.51,0.00,2.00,1.00,70.02,2.35,12.85,57.13,53.98,-199.92,22.64,-0.29,-0.04,17.00,7000.00,-38.00,0.00,0.00
58415.00,2019-07-02 21:27:22.415,33.94,139.39,0.00,1.51,0.00,2.00,1.00,70.49,2.35,12.95,57.13,54.10,-199.92,22.64,-0.34,-0.01,17.00,7000.00,-38.00,0.00,0.00
58515.00,2019-07-02 21:27:22.515,33.95,140.32,0.00,1.51,0.00,2.00,1.00,70.97,2.35,12.98,57.08,54.10,-199.92,22.63,-0.31,-0.01,17.00,7000.00,-38.00,0.00,0.00
58615.00,2019-07-02 21:27:22.615,33.99,141.26,0.00,1.51,0.00,2.00,1.00,71.44,2.35,12.99,57.08,54.10,-199.92,22.63,-0.33,-0.02,17.00,7000.00,-38.00,0.00,0.00
58715.00,2019-07-02 21:27:22.715,34.04,142.20,0.00,1.51,0.00,2.00,1.00,71.92,2.35,12.83,57.08,54.18,-199.92,22.63,-0.30,-0.05,17.00,7000.00,-38.00,0.00,0.00
58815.00,2019-07-02 21:27:22.815,33.93,143.13,0.00,1.51,0.00,2.00,1.00,72.39,2.35,12.84,56.99,54.18,-199.92,22.63,-0.34,-0.04,17.00,7000.00,-38.00,0.00,0.00
58915.00,2019-07-02 21:27:22.915,33.82,144.07,0.00,1.51,0.00,2.00,1.00,72.86,2.35,12.99,56.99,54.23,-199.92,22.70,-0.30,-0.04,17.00,7000.00,-38.00,0.00,0.00
59015.00,2019-07-02 21:27:23.015,33.91,145.01,0.00,1.51,0.00,2.00,1.00,73.34,2.35,12.81,56.99,54.23,-199.92,22.70,-0.30,-0.04,17.00,7000.00,-38.00,0.00,0.00
59115.00,2019-07-02 21:27:23.115,33.83,145.94,0.00,1.51,0.00,2.00,1.00,73.81,2.35,12.99,56.91,54.23,-199.92,22.70,-0.32,-0.00,17.00,7000.00,-38.00,0.00,0.00
59215.00,2019-07-02 21:27:23.215,33.87,146.88,0.00,1.51,0.00,2.00,1.00,74.28,2.35,12.98,56.91,54.30,-199.92,22.70,-0.29,-0.01,17.00,7000.00,-38.00,0.00,0.00
59315.00,2019-07-02 21:27:23.315,33.88,147.81,0.00,1.51,0.00,2.00,1.00,74.76,2.35,12.85,56.91,54.30,-194.61,22.52,-0.33,-0.03,17.00,7000.00,-38.00,0.00,0.00
59415.00,2019-07-02 21:27:23.415,33.83,148.75,0.00,1.51,0.00,2.00,1.00,75.23,2.35,12.95,56.91,54.40,-194.61,22.52,-0.31,-0.04,17.00,7000.00,-38.00,0.00,0.00
59515.00,2019-07-02 21:27:23.515,33.79,149.69,0.00,1.51,0.00,2.00,1.00,75.70,2.35,12.98,56.91,54.40,-194.61,22.52,-0.32,-0.03,17.00,7000.00,-38.00,0.00,0.00
59615.00,2019-07-02 21:27:23.615,33.77,150.62,0.00,1.51,0.00,2.00,1.00,76.18,2.35,12.83,56.88,54.40,-188.74,22.52,-0.31,-0.05,17.00,7000.00,-38.00,0.00,0.00
59715.00,2019-07-02 21:27:23.715,33.76,151.56,0.00,1.51,0.00,2.00,1.00,76.65,2.35,12.99,56.88,54.47,-188.74,22.52,-0.31,-0.01,17.00,7000.00,-38.00,0.00,0.00
59815.00,2019-07-02 21:27:23.815,33.76,152.50,0.00,1.51,0.00,2.00,1.00,77.12,2.35,12.96,56.80,54.47,-183.49,22.52,-0.31,-0.02,17.00,7000.00,-38.00,0.00,0.00
59915.00,2019-07-02 21:27:23.915,33.72,153.43,0.00,1.51,0.00,2.00,1.00,77.60,2.35,12.84,56.80,54.50,-183.49,22.52,-0.31,-0.04,17.00,7000.00,-38.00,0.00,0.00
60015.00,2019-07-02 21:27:24.015,33.73,154.37,0.00,1.51,0.00,2.00,1.00,78.07,2.35,12.97,56.80,54.50,-183.49,22.52,-0.34,-0.01,17.00,7000.00,-38.00,0.00,0.00
60115.00,2019-07-02 21:27:24.115,33.66,155.31,0.00,1.51,0.00,2.00,1.00,78.54,2.35,12.96,56.72,54.50,-178.78,22.49,-0.31,-0.04,17.00,7000.00,-38.00,0.00,0.00
60215.00,2019-07-02 21:27:24.215,33.70,156.24,0.00,1.51,0.00,2.00,1.00,79.02,2.35,12.86,56.72,54.66,-178.78,22.49,-0.30,-0.03,17.00,7000.00,-38.00,0.00,0.00
60315.00,2019-07-02 21:27:24.315,33.58,157.18,0.00,1.51,0.00,2.00,1.00,79.49,2.35,12.96,56.72,54.66,-178.78,22.49,-0.34,-0.02,17.00,7000.00,-38.00,0.00,0.00
60415.00,2019-07-02 21:27:24.415,33.64,158.11,0.00,1.51,0.00,2.00,1.00,79.97,2.35,12.82,56.72,54.74,-174.29,22.49,-0.29,-0.00,17.00,7000.00,-38.00,0.00,0.00
60515.00,2019-07-02 21:27:24.515,33.55,159.05,0.00,1.51,0.00,2.00,1.00,80.44,2.35,12.99,56.72,54.74,-174.29,22.44,-0.32,-0.03,17.00,7000.00,-38.00,0.00,0.00
60615.00,2019-07-02 21:27:24.615,33.63,159.99,0.00,1.51,0.00,2.00,1.00,80.91,2.35,12.84,56.73,54.74,-170.15,22.44,-0.32,-0.04,17.00,7000.00,-38.00,0.00,0.00
60715.00,2019-07-02 21:27:24.715,33.56,160.92,0.00,1.51,0.00,2.00,1.00,81.39,2.35,12.85,56.73,54.84,-170.15,22.44,-0.31,-0.03,17.00,7000.00,-38.00,0.00,0.00
60815.00,2019-07-02 21:27:24.815,33.50,161.86,0.00,1.51,0.00,2.00,1.00,81.86,2.35,12.95,56.73,54.84,-170.15,22.44,-0.30,-0.04,17.00,7000.00,-38.00,0.00,0.00
60915.00,2019-07-02 21:27:24.915,33.46,162.80,0.00,1.51,0.00,2.00,1.00,82.33,2.35,12.81,56.71,55.02,-166.38,22.40,-0.31,-0.01,17.00,7000.00,-38.00,0.00,0.00
61015.00,2019-07-02 21:27:25.015,33.48,163.61,0.00,1.51,0.00,2.00,1.00,82.75,2.35,12.99,56.71,55.02,-166.38,22.40,-0.32,-0.02,17.00,7000.00,-38.00,0.00,0.00
61115.00,2019-07-02 21:27:25.115,33.35,164.43,0.00,1.51,0.00,2.00,1.00,83.16,2.35,12.98,56.62,55.02,-162.77,22.40,-0.30,-0.03,17.00,7000.00,-38.00,0.00,0.00
61215.00,2019-07-02 21:27:25.215,33.40,165.37,0.00,1.51,0.00,2.00,1.00,83.64,2.35,12.85,56.62,55.00,-162.77,22.40,-0.33,-0.03,17.00,7000.00,-38.00,0.00,0.00
61315.00,2019-07-02 21:27:25.315,33.38,166.31,0.00,1.51,0.00,2.00,1.00,84.11,2.35,12.97,56.62,55.00,-162.77,22.55,-0.34,-0.04,17.00,7000.00,-38.00,0.00,0.00
61415.00,2019-07-02 21:27:25.415,33.39,167.24,0.00,1.51,0.00,2.00,1.00,84.58,2.35,12.99,56.48,55.11,-159.36,22.55,-0.31,-0.05,17.00,7000.00,-38.00,0.00,0.00
61515.00,2019-07-02 21:27:25.515,33.40,168.18,0.00,1.51,0.00,2.00,1.00,85.06,2.35,12.84,56.48,55.11,-159.36,22.55,-0.32,-0.02,17.00,7000.00,-38.00,0.00,0.00
61615.00,2019-07-02 21:27:25.615,33.28,169.12,0.00,1.51,0.00,2.00,1.00,85.53,2.35,12.96,56.48,55.11,-159.36,22.55,-0.29,-0.04,17.00,7000.00,-38.00,0.00,0.00
61715.00,2019-07-02 21:27:25.715,33.32,170.05,0.00,1.51,0.00,2.00,1.00,86.00,2.35,12.99,56.63,55.22,-156.18,22.53,-0.32,-0.04,17.00,7000.00,-38.00,0.00,0.00
61815.00,2019-07-02 21:27:25.815,33.21,170.99,0.00,1.51,0.00,2.00,1.00,86.48,2.35,12.81,56.63,55.22,-156.18,22.53,-0.29,-0.02,17.00,7000.00,-38.00,0.00,0.00
61915.00,2019-07-02 21:27:25.915,33.26,171.92,0.00,1.51,0.00,2.00,1.00,86.95,2.35,12.99,56.55,55.30,-153.05,22.53,-0.30,-0.03,17.00,7000.00,-38.00,0.00,0.00
62015.00,2019-07-02 21:27:26.015,33.23,172.74,0.00,1.51,0.00,2.00,1.00,87.36,2.35,12.97,56.55,55.30,-153.05,22.53,-0.31,-0.03,17.00,7000.00,-38.00,0.00,0.00
62115.00,2019-07-02 21:27:26.115,33.31,173.68,0.00,1.51,0.00,2.00,1.00,87.84,2.35,12.83,56.55,55.30,-153.05,22.85,-0.32,-0.03,17.00,7000.00,-38.00,0.00,0.00
62215.00,2019-07-02 21:27:26.215,33.24,174.62,0.00,1.51,0.00,2.00,1.00,88.31,2.35,13.00,56.46,55.38,-150.20,22.85,-0.31,-0.02,17.00,7000.00,-38.00,0.00,0.00
62315.00,2019-07-02 21:27:26.315,33.21,175.55,0.00,1.51,0.00,2.00,1.00,88.78,2.35,12.99,56.46,55.38,-150.20,22.85,-0.31,-0.04,17.00,7000.00,-38.00,0.00,0.00
62415.00,2019-07-02 21:27:26.415,33.16,176.49,0.00,1.51,0.00,2.00,1.00,89.26,2.35,12.99,56.51,55.38,-147.32,22.85,-0.34,-0.03,17.00,7000.00,-38.00,0.00,0.00
62515.00,2019-07-02 21:27:26.515,33.11,177.42,0.00,1.51,0.00,2.00,1.00,89.73,2.35,12.96,56.51,55.38,-147.32,23.10,-0.32,-0.03,17.00,7000.00,-38.00,0.00,0.00
62615.00,2019-07-02 21:27:26.615,33.09,178.36,0.00,1.51,0.00,2.00,1.00,90.21,2.35,12.98,56.51,55.38,-147.32,23.10,-0.31,-0.01,17.00,7000.00,-38.00,0.00,0.00
62715.00,2019-07-02 21:27:26.715,33.12,179.18,0.00,1.51,0.00,2.00,1.00,90.62,2.35,12.99,56.52,55.52,-144.73,23.10,-0.31,-0.06,17.00,7000.00,-38.00,0.00,0.00
62815.00,2019-07-02 21:27:26.815,33.11,180.12,0.00,1.51,0.00,2.00,1.00,91.09,2.35,12.85,56.52,55.52,-144.73,23.10,-0.28,-0.03,17.00,7000.00,-38.00,0.00,0.00
62915.00,2019-07-02 21:27:26.915,33.08,181.05,0.00,1.51,0.00,2.00,1.00,91.57,2.35,12.98,56.52,55.58,-144.73,23.05,-0.35,-0.03,17.00,7000.00,-38.00,0.00,0.00
63015.00,2019-07-02 21:27:27.015,32.97,181.99,0.00,1.51,0.00,2.00,1.00,92.04,2.35,12.97,56.55,55.58,-142.12,23.05,-0.32,-0.03,17.00,7000.00,-38.00,0.00,0.00
63115.00,2019-07-02 21:27:27.115,32.98,182.93,0.00,1.51,0.00,2.00,1.00,92.51,2.35,12.96,56.55,55.58,-142.12,23.05,-0.30,-0.04,17.00,7000.00,-38.00,0.00,0.00
63215.00,2019-07-02 21:27:27.215,33.02,183.86,0.00,1.51,0.00,2.00,1.00,92.99,2.35,12.96,56.62,55.65,-139.75,23.05,-0.31,-0.00,17.00,7000.00,-38.00,0.00,0.00
63315.00,2019-07-02 21:27:27.315,32.94,184.68,0.00,1.51,0.00,2.00,1.00,93.40,2.35,12.99,56.62,55.65,-139.75,22.97,-0.30,-0.03,17.00,7000.00,-38.00,0.00,0.00
63415.00,2019-07-02 21:27:27.415,33.00,185.62,0.00,1.51,0.00,2.00,1.00,93.87,2.35,12.99,56.62,55.77,-139.75,22.97,-0.32,-0.02,17.00,7000.00,-38.00,0.00,0.00
63515.00,2019-07-02 21:27:27.515,32.91,186.55,0.00,1.51,0.00,2.00,1.00,94.35,2.35,12.97,56.67,55.77,-137.48,22.97,-0.30,-0.03,17.00,7000.00,-38.00,0.00,0.00
63615.00,2019-07-02 21:27:27.615,32.95,187.49,0.00,1.51,0.00,2.00,1.00,94.82,2.35,12.99,56.67,55.77,-137.48,22.97,-0.34,-0.02,17.00,7000.00,-38.00,0.00,0.00
63715.00,2019-07-02 21:27:27.715,32.92,188.43,0.00,1.51,0.00,2.00,1.00,95.30,2.35,12.83,56.63,55.82,-135.04,22.98,-0.30,-0.02,17.00,7000.00,-38.00,0.00,0.00
63815.00,2019-07-02 21:27:27.815,32.87,189.25,0.00,1.51,0.00,2.00,1.00,95.71,2.35,12.99,56.63,55.82,-135.04,22.98,-0.30,-0.02,17.00,7000.00,-38.00,0.00,0.00
63915.00,2019-07-02 21:27:27.915,32.82,190.18,0.00,1.51,0.00,2.00,1.00,96.18,2.35,12.84,56.63,55.91,-135.04,22.98,-0.32,-0.04,17.00,7000.00,-38.00,0.00,0.00
64015.00,2019-07-02 21:27:28.015,32.79,191.12,0.00,1.51,0.00,2.00,1.00,96.66,2.35,12.96,56.70,55.91,-133.09,22.98,-0.30,-0.02,17.00,7000.00,-38.00,0.00,0.00
64115.00,2019-07-02 21:27:28.115,32.74,192.05,0.00,1.51,0.00,2.00,1.00,97.13,2.35,13.00,56.70,55.91,-133.09,22.92,-0.32,-0.03,17.00,7000.00,-38.00,0.00,0.00
64215.00,2019-07-02 21:27:28.215,32.75,192.87,0.00,1.51,0.00,2.00,1.00,97.54,2.35,12.99,56.70,55.95,-133.09,22.92,-0.31,-0.03,17.00,7000.00,-38.00,0.00,0.00
64315.00,2019-07-02 21:27:28.315,32.75,193.81,0.00,1.51,0.00,2.00,1.00,98.02,2.35,12.99,56.66,55.95,-130.98,22.92,-0.31,-0.02,17.00,7000.00,-38.00,0.00,0.00
64415.00,2019-07-02 21:27:28.415,32.75,194.75,0.00,1.51,0.00,2.00,1.00,98.49,2.35,12.83,56.66,56.07,-130.98,22.92,-0.29,-0.04,17.00,7000.00,-38.00,0.00,0.00
64515.00,2019-07-02 21:27:28.515,32.74,195.68,0.00,1.51,0.00,2.00,1.00,98.97,2.35,12.98,56.71,56.07,-128.93,22.99,-0.33,-0.02,17.00,7000.00,-38.00,0.00,0.00
64615.00,2019-07-02 21:27:28.615,32.65,196.50,0.00,1.51,0.00,2.00,1.00,99.38,2.35,13.00,56.71,56.07,-128.93,22.99,-0.34,-0.02,17.00,7000.00,-38.00,0.00,0.00
64715.00,2019-07-02 21:27:28.715,32.68,197.44,0.00,1.51,0.00,2.00,1.00,99.85,2.35,12.81,56.71,56.11,-128.93,22.99,-0.30,-0.02,17.00,7000.00,-38.00,0.00,0.00
64815.00,2019-07-02 21:27:28.815,32.68,198.37,0.00,1.51,0.00,2.00,1.00,100.33,2.35,12.99,56.78,56.11,-127.03,22.99,-0.34,-0.04,17.00,7000.00,-38.00,0.00,0.00
64915.00,2019-07-02 21:27:28.915,32.64,199.31,0.00,1.51,0.00,2.00,1.00,100.80,2.35,12.97,56.78,56.26,-127.03,22.99,-0.31,-0.00,17.00,7000.00,-38.00,0.00,0.00
65015.00,2019-07-02 21:27:29.015,32.65,200.13,0.00,1.51,0.00,2.00,1.00,101.21,2.35,12.84,56.84,56.26,-125.07,22.99,-0.30,-0.05,17.00,7000.00,-38.00,0.00,0.00
65115.00,2019-07-02 21:27:29.115,32.65,201.07,0.00,1.51,0.00,2.00,1.00,101.69,2.35,13.00,56.84,56.26,-125.07,22.99,-0.34,-0.02,17.00,7000.00,-38.00,0.00,0.00
65215.00,2019-07-02 21:27:29.215,32.55,202.00,0.00,1.51,0.00,2.00,1.00,102.16,2.35,12.99,56.84,56.27,-125.07,22.99,-0.30,-0.02,17.00,7000.00,-38.00,0.00,0.00
65315.00,2019-07-02 21:27:29.315,32.50,202.82,0.00,1.51,0.00,2.00,1.00,102.58,2.35,13.00,56.78,56.27,-123.28,23.30,-0.32,-0.03,17.00,7000.00,-38.00,0.00,0.00
65415.00,2019-07-02 21:27:29.415,32.57,203.76,0.00,1.51,0.00,2.00,1.00,103.05,2.35,12.84,56.78,56.30,-123.28,23.30,-0.32,-0.02,17.00,7000.00,-38.00,0.00,0.00
65515.00,2019-07-02 21:27:29.515,32.54,204.69,0.00,1.51,0.00,2.00,1.00,103.52,2.35,12.86,56.78,56.30,-123.28,23.30,-0.30,-0.02,17.00,7000.00,-38.00,0.00,0.00
65615.00,2019-07-02 21:27:29.615,32.49,205.63,0.00,1.51,0.00,2.00,1.00,104.00,2.35,12.96,56.83,56.30,-121.55,23.30,-0.31,-0.03,17.00,7000.00,-38.00,0.00,0.00
65715.00,2019-07-02 21:27:29.715,32.46,206.45,0.00,1.51,0.00,2.00,1.00,104.41,2.35,12.99,56.83,56.40,-121.55,23.71,-0.30,-0.01,17.00,7000.00,-38.00,0.00,0.00
65815.00,2019-07-02 21:27:29.815,32.42,207.39,0.00,1.51,0.00,2.00,1.00,104.88,2.35,12.99,56.73,56.40,-119.84,23.71,-0.32,-0.02,17.00,7000.00,-38.00,0.00,0.00
65915.00,2019-07-02 21:27:29.915,32.41,208.32,0.00,1.51,0.00,2.00,1.00,105.36,2.35,12.98,56.73,56.50,-119.84,23.71,-0.31,-0.04,17.00,7000.00,-38.00,0.00,0.00
66015.00,2019-07-02 21:27:30.015,32.41,209.14,0.00,1.51,0.00,2.00,1.00,105.77,2.35,12.99,56.73,56.50,-119.84,23.71,-0.34,-0.02,17.00,7000.00,-38.00,0.00,0.00
66115.00,2019-07-02 21:27:30.115,32.38,210.08,0.00,1.51,0.00,2.00,1.00,106.25,2.35,12.82,56.90,56.50,-118.34,23.65,-0.31,-0.04,17.00,7000.00,-38.00,0.00,0.00
66215.00,2019-07-02 21:27:30.215,32.34,211.01,0.00,1.51,0.00,2.00,1.00,106.72,2.35,12.99,56.90,56.45,-118.34,23.65,-0.29,-0.01,17.00,7000.00,-38.00,0.00,0.00
66315.00,2019-07-02 21:27:30.315,32.36,211.83,0.00,1.51,0.00,2.00,1.00,107.13,2.35,12.81,56.97,56.45,-116.68,23.65,-0.29,-0.01,17.00,7000.00,-38.00,0.00,0.00
66415.00,2019-07-02 21:27:30.415,32.28,212.77,0.00,1.51,0.00,2.00,1.00,107.61,2.35,12.97,56.97,56.69,-116.68,23.65,-0.30,-0.04,17.00,7000.00,-38.00,0.00,0.00
66515.00,2019-07-02 21:27:30.515,32.33,213.71,0.00,1.51,0.00,2.00,1.00,108.08,2.35,12.98,56.97,56.69,-116.68,23.63,-0.32,-0.03,17.00,7000.00,-38.00,0.00,0.00
66615.00,2019-07-02 21:27:30.615,32.25,214.52,0.00,1.51,0.00,2.00,1.00,108.49,2.35,12.83,56.94,56.69,-115.16,23.63,-0.32,-0.04,17.00,7000.00,-38.00,0.00,0.00
66715.00,2019-07-02 21:27:30.715,32.19,215.46,0.00,1.51,0.00,2.00,1.00,108.97,2.35,12.96,56.94,56.69,-115.16,23.63,-0.33,-0.03,17.00,7000.00,-38.00,0.00,0.00
66815.00,2019-07-02 21:27:30.815,32.24,216.28,0.00,1.51,0.00,2.00,1.00,109.38,2.35,12.83,56.94,56.69,-115.16,23.63,-0.31,-0.02,17.00,7000.00,-38.00,0.00,0.00
66915.00,2019-07-02 21:27:30.915,32.23,217.22,0.00,1.51,0.00,2.00,1.00,109.86,2.35,12.98,56.94,56.77,-113.62,23.59,-0.31,-0.02,17.00,7000.00,-38.00,0.00,0.00
67015.00,2019-07-02 21:27:31.015,32.20,218.15,0.00,1.51,0.00,2.00,1.00,110.33,2.35,13.00,56.94,56.77,-113.62,23.59,-0.32,-0.04,17.00,7000.00,-38.00,0.00,0.00
67115.00,2019-07-02 21:27:31.115,32.16,218.97,0.00,1.51,0.00,2.00,1.00,110.74,2.35,12.82,56.92,56.77,-112.20,23.59,-0.32,-0.03,17.00,7000.00,-38.00,0.00,0.00
67215.00,2019-07-02 21:27:31.215,32.13,219.91,0.00,1.51,0.00,2.00,1.00,111.22,2.35,12.99,56.92,56.72,-112.20,23.59,-0.33,-0.03,17.00,7000.00,-38.00,0.00,0.00
67315.00,2019-07-02 21:27:31.315,32.13,220.84,0.00,1.51,0.00,2.00,1.00,111.69,2.35,12.97,56.92,56.72,-112.20,23.69,-0.32,-0.04,17.00,7000.00,-38.00,0.00,0.00
67415.00,2019-07-02 21:27:31.415,32.13,221.66,0.00,1.51,0.00,2.00,1.00,112.11,2.35,12.84,56.92,56.79,-110.82,23.69,-0.31,-0.02,17.00,7000.00,-38.00,0.00,0.00
67515.00,2019-07-02 21:27:31.515,32.11,222.60,0.00,1.51,0.00,2.00,1.00,112.58,2.35,12.99,56.92,56.79,-110.82,23.69,-0.31,-0.04,17.00,7000.00,-38.00,0.00,0.00
67615.00,2019-07-02 21:27:31.615,32.35,223.54,0.00,1.51,0.00,2.00,1.00,113.05,2.35,12.96,57.03,56.79,-109.50,23.69,-0.30,-0.03,17.00,7000.00,-38.00,0.00,0.00
67715.00,2019-07-02 21:27:31.715,32.04,224.36,0.00,1.51,0.00,2.00,1.00,113.47,2.35,12.86,57.03,56.84,-109.50,23.59,-0.32,-0.03,17.00,7000.00,-38.00,0.00,0.00
67815.00,2019-07-02 21:27:31.815,31.95,225.29,0.00,1.51,0.00,2.00,1.00,113.94,2.35,12.96,57.03,56.84,-109.50,23.59,-0.31,-0.03,17.00,7000.00,-38.00,0.00,0.00
67915.00,2019-07-02 21:27:31.915,31.99,226.11,0.00,1.51,0.00,2.00,1.00,114.35,2.35,12.82,57.01,56.89,-108.24,23.59,-0.31,-0.03,17.00,7000.00,-38.00,0.00,0.00
68015.00,2019-07-02 21:27:32.015,32.01,227.05,0.00,1.51,0.00,2.00,1.00,114.83,2.35,13.00,57.01,56.89,-108.24,23.59,-0.30,-0.04,17.00,7000.00,-38.00,0.00,0.00
68115.00,2019-07-02 21:27:32.115,31.96,227.87,0.00,1.51,0.00,2.00,1.00,115.24,2.35,12.98,57.01,56.89,-108.24,23.72,-0.31,-0.04,17.00,7000.00,-38.00,0.00,0.00
68215.00,2019-07-02 21:27:32.215,31.91,228.80,0.00,1.51,0.00,2.00,1.00,115.72,2.35,12.86,57.03,56.95,-106.93,23.72,-0.32,-0.03,17.00,7000.00,-38.00,0.00,0.00
68315.00,2019-07-02 21:27:32.315,31.95,229.62,0.00,1.51,0.00,2.00,1.00,116.13,2.35,12.96,57.03,56.95,-106.93,23.72,-0.31,-0.03,17.00,7000.00,-38.00,0.00,0.00
68415.00,2019-07-02 21:27:32.415,31.89,230.56,0.00,1.51,0.00,2.00,1.00,116.60,2.35,12.99,57.01,57.04,-105.65,23.72,-0.30,-0.04,17.00,7000.00,-38.00,0.00,0.00
68515.00,2019-07-02 21:27:32.515,31.89,231.38,0.00,1.51,0.00,2.00,1.00,117.02,2.35,12.82,57.01,57.04,-105.65,23.65,-0.31,-0.03,17.00,7000.00,-38.00,0.00,0.00
68615.00,2019-07-02 21:27:32.615,31.88,232.31,0.00,1.51,0.00,2.00,1.00,117.49,2.35,12.99,57.01,57.04,-105.65,23.65,-0.31,-0.02,17.00,7000.00,-38.00,0.00,0.00
68715.00,2019-07-02 21:27:32.715,31.80,233.25,0.00,1.51,0.00,2.00,1.00,117.97,2.35,12.99,56.90,57.13,-104.42,23.65,-0.32,-0.02,17.00,7000.00,-38.00,0.00,0.00
68815.00,2019-07-02 21:27:32.815,31.83,234.07,0.00,1.51,0.00,2.00,1.00,118.38,2.35,12.97,56.90,57.13,-104.42,23.65,-0.29,-0.03,17.00,7000.00,-38.00,0.00,0.00
68915.00,2019-07-02 21:27:32.915,31.85,235.01,0.00,1.51,0.00,2.00,1.00,118.85,2.35,13.00,56.88,57.13,-103.20,23.38,-0.33,-0.04,17.00,7000.00,-38.00,0.00,0.00
69015.00,2019-07-02 21:27:33.015,31.77,235.83,0.00,1.51,0.00,2.00,1.00,119.27,2.35,12.82,56.88,57.13,-103.20,23.38,-0.31,-0.01,17.00,7000.00,-38.00,0.00,0.00
69115.00,2019-07-02 21:27:33.115,31.72,236.76,0.00,1.51,0.00,2.00,1.00,119.74,2.35,12.99,56.88,57.13,-103.20,23.38,-0.31,-0.02,17.00,7000.00,-38.00,0.00,0.00
69215.00,2019-07-02 21:27:33.215,31.72,237.58,0.00,1.51,0.00,2.00,1.00,120.16,2.35,12.98,56.94,57.24,-102.13,23.38,-0.31,-0.03,17.00,7000.00,-38.00,0.00,0.00
69315.00,2019-07-02 21:27:33.315,31.73,238.52,0.00,1.51,0.00,2.00,1.00,120.63,2.35,12.84,56.94,57.24,-102.13,23.34,-0.30,-0.02,17.00,7000.00,-38.00,0.00,0.00
69415.00,2019-07-02 21:27:33.415,31.65,239.34,0.00,1.51,0.00,2.00,1.00,121.04,2.35,13.00,56.94,57.24,-102.13,23.34,-0.30,-0.03,17.00,7000.00,-38.00,0.00,0.00
69515.00,2019-07-02 21:27:33.515,31.68,240.27,0.00,1.51,0.00,2.00,1.00,121.52,2.35,12.96,56.94,57.24,-101.00,23.34,-0.32,-0.02,17.00,7000.00,-38.00,0.00,0.00
69615.00,2019-07-02 21:27:33.615,31.62,241.09,0.00,1.51,0.00,2.00,1.00,121.93,2.35,12.86,56.94,57.24,-101.00,23.34,-0.32,-0.03,17.00,7000.00,-38.00,0.00,0.00
69715.00,2019-07-02 21:27:33.715,31.66,242.03,0.00,1.51,0.00,2.00,1.00,122.40,2.35,12.97,56.88,57.20,-99.95,23.41,-0.31,-0.03,17.00,7000.00,-38.00,0.00,0.00
69815.00,2019-07-02 21:27:33.815,31.63,242.85,0.00,1.51,0.00,2.00,1.00,122.82,2.35,13.00,56.88,57.20,-99.95,23.41,-0.31,-0.02,17.00,7000.00,-38.00,0.00,0.00
69915.00,2019-07-02 21:27:33.915,31.61,243.78,0.00,1.51,0.00,2.00,1.00,123.29,2.35,13.00,56.88,57.20,-99.95,23.41,-0.32,-0.03,17.00,7000.00,-38.00,0.00,0.00
70015.00,2019-07-02 21:27:34.015,31.53,244.60,0.00,1.51,0.00,2.00,1.00,123.71,2.35,12.99,56.84,57.20,-98.86,23.41,-0.30,-0.02,17.00,7000.00,-38.00,0.00,0.00
70115.00,2019-07-02 21:27:34.115,31.51,245.54,0.00,1.51,0.00,2.00,1.00,124.18,2.35,12.98,56.84,57.20,-98.86,23.37,-0.34,-0.03,17.00,7000.00,-38.00,0.00,0.00
70215.00,2019-07-02 21:27:34.215,31.45,246.36,0.00,1.51,0.00,2.00,1.00,124.59,2.35,12.96,56.92,57.38,-97.87,23.37,-0.31,-0.02,17.00,7000.00,-38.00,0.00,0.00
70315.00,2019-07-02 21:27:34.315,31.48,247.29,0.00,1.51,0.00,2.00,1.00,125.07,2.35,12.99,56.92,57.38,-97.87,23.37,-0.31,-0.04,17.00,7000.00,-38.00,0.00,0.00
70415.00,2019-07-02 21:27:34.415,31.44,248.11,0.00,1.51,0.00,2.00,1.00,125.48,2.35,12.84,56.92,57.42,-97.87,23.37,-0.33,-0.02,17.00,7000.00,-38.00,0.00,0.00
70515.00,2019-07-02 21:27:34.515,31.42,248.93,0.00,1.51,0.00,2.00,1.00,125.90,2.35,12.97,56.95,57.42,-96.76,23.52,-0.30,-0.02,17.00,7000.00,-38.00,0.00,0.00
70615.00,2019-07-02 21:27:34.615,31.41,249.87,0.00,1.51,0.00,2.00,1.00,126.37,2.35,13.00,56.95,57.42,-96.76,23.52,-0.32,-0.03,17.00,7000.00,-38.00,0.00,0.00
70715.00,2019-07-02 21:27:34.715,31.47,250.69,0.00,1.51,0.00,2.00,1.00,126.78,2.35,12.81,56.95,57.42,-96.76,23.52,-0.33,-0.04,17.00,7000.00,-38.00,0.00,0.00
70815.00,2019-07-02 21:27:34.815,31.38,251.62,0.00,1.51,0.00,2.00,1.00,127.26,2.35,12.99,56.94,57.42,-95.73,23.52,-0.36,-0.03,17.00,7000.00,-38.00,0.00,0.00
70915.00,2019-07-02 21:27:34.915,31.40,252.44,0.00,1.51,0.00,2.00,1.00,127.67,2.35,12.97,56.94,57.55,-95.73,23.45,-0.31,-0.04,17.00,7000.00,-38.00,0.00,0.00
71015.00,2019-07-02 21:27:35.015,31.33,253.38,0.00,1.51,0.00,2.00,1.00,128.15,2.35,12.96,56.97,57.55,-94.72,23.45,-0.30,-0.03,17.00,7000.00,-38.00,0.00,0.00
71115.00,2019-07-02 21:27:35.115,31.35,254.20,0.00,1.51,0.00,2.00,1.00,128.56,2.35,12.99,56.97,57.55,-94.72,23.45,-0.31,-0.03,17.00,7000.00,-38.00,0.00,0.00
71215.00,2019-07-02 21:27:35.215,31.26,255.02,0.00,1.51,0.00,2.00,1.00,128.97,2.35,12.83,56.97,57.54,-94.72,23.45,-0.30,-0.04,17.00,7000.00,-38.00,0.00,0.00
71315.00,2019-07-02 21:27:35.315,31.30,255.96,0.00,1.51,0.00,2.00,1.00,129.45,2.35,12.84,56.80,57.54,-93.85,23.43,-0.35,-0.02,17.00,7000.00,-38.00,0.00,0.00
71415.00,2019-07-02 21:27:35.415,31.27,256.77,0.00,1.51,0.00,2.00,1.00,129.86,2.35,12.97,56.80,57.52,-93.85,23.43,-0.31,-0.02,17.00,7000.00,-38.00,0.00,0.00
71515.00,2019-07-02 21:27:35.515,31.26,257.71,0.00,1.51,0.00,2.00,1.00,130.34,2.35,13.00,56.94,57.52,-92.88,23.43,-0.31,-0.03,17.00,7000.00,-38.00,0.00,0.00
71615.00,2019-07-02 21:27:35.615,31.18,258.53,0.00,1.51,0.00,2.00,1.00,130.75,2.35,13.00,56.94,57.52,-92.88,23.43,-0.31,-0.03,17.00,7000.00,-38.00,0.00,0.00
71715.00,2019-07-02 21:27:35.715,31.15,259.35,0.00,1.51,0.00,2.00,1.00,131.16,2.35,12.97,56.94,57.59,-92.88,23.63,-0.30,-0.03,17.00,7000.00,-38.00,0.00,0.00
71815.00,2019-07-02 21:27:35.815,31.09,260.17,0.00,1.51,0.00,2.00,1.00,131.58,2.35,12.86,56.89,57.59,-91.91,23.63,-0.31,-0.03,17.00,7000.00,-38.00,0.00,0.00
71915.00,2019-07-02 21:27:35.915,31.20,260.99,0.00,1.51,0.00,2.00,1.00,131.99,2.35,12.98,56.89,57.62,-91.91,23.63,-0.31,-0.02,17.00,7000.00,-38.00,0.00,0.00
72015.00,2019-07-02 21:27:36.015,31.10,261.92,0.00,1.51,0.00,2.00,1.00,132.47,2.35,12.98,56.89,57.62,-91.91,23.63,-0.35,-0.03,17.00,7000.00,-38.00,0.00,0.00
72115.00,2019-07-02 21:27:36.115,31.07,262.74,0.00,1.51,0.00,2.00,1.00,132.88,2.35,12.83,56.91,57.62,-91.06,23.59,-0.31,-0.03,17.00,7000.00,-38.00,0.00,0.00
72215.00,2019-07-02 21:27:36.215,31.13,263.68,0.00,1.51,0.00,2.00,1.00,133.35,2.35,13.00,56.91,57.69,-91.06,23.59,-0.31,-0.03,17.00,7000.00,-38.00,0.00,0.00
72315.00,2019-07-02 21:27:36.315,30.98,264.50,0.00,1.51,0.00,2.00,1.00,133.77,2.35,12.85,56.84,57.69,-90.07,23.59,-0.32,-0.03,17.00,7000.00,-38.00,0.00,0.00
72415.00,2019-07-02 21:27:36.415,30.98,265.32,0.00,1.51,0.00,2.00,1.00,134.18,2.35,12.97,56.84,57.71,-90.07,23.59,-0.31,-0.05,17.00,7000.00,-38.00,0.00,0.00
72515.00,2019-07-02 21:27:36.515,31.08,266.25,0.00,1.51,0.00,2.00,1.00,134.66,2.35,12.98,56.84,57.71,-90.07,23.58,-0.32,-0.03,17.00,7000.00,-38.00,0.00,0.00
72615.00,2019-07-02 21:27:36.615,31.00,267.07,0.00,1.51,0.00,2.00,1.00,135.07,2.35,12.82,56.88,57.71,-89.27,23.58,-0.32,-0.04,17.00,7000.00,-38.00,0.00,0.00
72715.00,2019-07-02 21:27:36.715,30.88,267.89,0.00,1.51,0.00,2.00,1.00,135.49,2.35,12.99,56.88,57.75,-89.27,23.58,-0.31,-0.03,17.00,7000.00,-38.00,0.00,0.00
72815.00,2019-07-02 21:27:36.815,30.92,268.71,0.00,1.51,0.00,2.00,1.00,135.90,2.35,12.98,56.80,57.75,-88.59,23.58,-0.31,-0.04,17.00,7000.00,-38.00,0.00,0.00
72915.00,2019-07-02 21:27:36.915,30.92,269.65,0.00,1.51,0.00,2.00,1.00,136.37,2.35,12.83,56.80,57.76,-88.59,23.41,-0.31,-0.02,17.00,7000.00,-38.00,0.00,0.00
73015.00,2019-07-02 21:27:37.015,30.83,270.47,0.00,1.51,0.00,2.00,1.00,136.79,2.35,12.99,56.80,57.76,-88.59,23.41,-0.33,-0.04,17.00,7000.00,-38.00,0.00,0.00
73115.00,2019-07-02 21:27:37.115,30.92,271.29,0.00,1.51,0.00,2.00,1.00,137.20,2.35,12.98,56.90,57.76,-87.64,23.41,-0.31,-0.02,17.00,7000.00,-38.00,0.00,0.00
73215.00,2019-07-02 21:27:37.215,30.79,272.22,0.00,1.51,0.00,2.00,1.00,137.68,2.35,12.98,56.90,57.77,-87.64,23.41,-0.34,-0.02,17.00,7000.00,-38.00,0.00,0.00
73315.00,2019-07-02 21:27:37.315,30.88,273.04,0.00,1.51,0.00,2.00,1.00,138.09,2.35,12.97,56.90,57.77,-87.64,23.72,-0.31,-0.02,17.00,7000.00,-38.00,0.00,0.00
73415.00,2019-07-02 21:27:37.415,30.84,273.86,0.00,1.51,0.00,2.00,1.00,138.50,2.35,12.84,56.90,57.76,-86.86,23.72,-0.31,-0.04,17.00,7000.00,-38.00,0.00,0.00
73515.00,2019-07-02 21:27:37.515,30.80,274.80,0.00,1.51,0.00,2.00,1.00,138.98,2.35,12.96,56.90,57.76,-86.86,23.72,-0.32,-0.02,17.00,7000.00,-38.00,0.00,0.00
73615.00,2019-07-02 21:27:37.615,30.86,275.62,0.00,1.51,0.00,2.00,1.00,139.39,2.35,12.99,56.94,57.76,-86.15,23.72,-0.29,-0.01,17.00,7000.00,-38.00,0.00,0.00
73715.00,2019-07-02 21:27:37.715,30.76,276.44,0.00,1.51,0.00,2.00,1.00,139.81,2.35,12.98,56.94,57.84,-86.15,23.67,-0.32,-0.03,17.00,7000.00,-38.00,0.00,0.00
73815.00,2019-07-02 21:27:37.815,30.78,277.37,0.00,1.51,0.00,2.00,1.00,140.28,2.35,12.99,56.94,57.84,-86.15,23.67,-0.32,-0.02,17.00,7000.00,-38.00,0.00,0.00
73915.00,2019-07-02 21:27:37.915,30.78,278.19,0.00,1.51,0.00,2.00,1.00,140.69,2.35,13.00,56.90,57.91,-85.33,23.67,-0.31,-0.02,17.00,7000.00,-38.00,0.00,0.00
74015.00,2019-07-02 21:27:38.015,30.72,279.01,0.00,1.51,0.00,2.00,1.00,141.11,2.35,12.81,56.90,57.91,-85.33,23.67,-0.31,-0.02,17.00,7000.00,-38.00,0.00,0.00
74115.00,2019-07-02 21:27:38.115,30.69,279.83,0.00,1.51,0.00,2.00,1.00,141.52,2.35,12.99,56.92,57.91,-84.54,23.71,-0.29,-0.03,17.00,7000.00,-38.00,0.00,0.00
74215.00,2019-07-02 21:27:38.215,30.72,280.77,0.00,1.51,0.00,2.00,1.00,142.00,2.35,12.96,56.92,57.95,-84.54,23.71,-0.32,-0.04,17.00,7000.00,-38.00,0.00,0.00
74315.00,2019-07-02 21:27:38.315,30.69,281.59,0.00,1.51,0.00,2.00,1.00,142.41,2.35,12.98,56.92,57.95,-84.54,23.71,-0.31,-0.04,17.00,7000.00,-38.00,0.00,0.00
74415.00,2019-07-02 21:27:38.415,30.66,282.40,0.00,1.51,0.00,2.00,1.00,142.82,2.35,12.99,56.81,58.05,-83.77,23.71,-0.34,-0.03,17.00,7000.00,-38.00,0.00,0.00
74515.00,2019-07-02 21:27:38.515,30.64,283.22,0.00,1.51,0.00,2.00,1.00,143.24,2.35,12.86,56.81,58.05,-83.77,23.83,-0.31,-0.02,17.00,7000.00,-38.00,0.00,0.00
74615.00,2019-07-02 21:27:38.615,30.66,284.16,0.00,1.51,0.00,2.00,1.00,143.71,2.35,12.98,56.91,58.05,-83.77,23.83,-0.30,-0.02,17.00,7000.00,-38.00,0.00,0.00
74715.00,2019-07-02 21:27:38.715,30.59,284.98,0.00,1.51,0.00,2.00,1.00,144.13,2.35,12.85,56.91,57.96,-83.13,23.83,-0.32,-0.04,17.00,7000.00,-38.00,0.00,0.00
74815.00,2019-07-02 21:27:38.815,30.54,285.80,0.00,1.51,0.00,2.00,1.00,144.54,2.35,12.96,56.91,57.96,-83.13,23.83,-0.29,-0.02,17.00,7000.00,-38.00,0.00,0.00
74915.00,2019-07-02 21:27:38.915,30.54,286.62,0.00,1.51,0.00,2.00,1.00,144.96,2.35,13.00,56.84,58.03,-82.36,23.82,-0.32,-0.02,17.00,7000.00,-38.00,0.00,0.00
75015.00,2019-07-02 21:27:39.015,30.56,287.55,0.00,1.51,0.00,2.00,1.00,145.43,2.35,12.82,56.84,58.03,-82.36,23.82,-0.33,-0.03,17.00,7000.00,-38.00,0.00,0.00
75115.00,2019-07-02 21:27:39.115,30.53,288.37,0.00,1.51,0.00,2.00,1.00,145.84,2.35,12.99,56.84,58.03,-82.36,23.82,-0.33,-0.04,17.00,7000.00,-38.00,0.00,0.00
75215.00,2019-07-02 21:27:39.215,30.43,289.08,0.00,1.51,0.00,2.00,1.00,146.20,2.35,12.98,56.92,58.05,-81.77,23.82,-0.31,-0.03,17.00,7000.00,-38.00,0.00,0.00
75315.00,2019-07-02 21:27:39.315,30.40,289.90,0.00,1.51,0.00,2.00,1.00,146.61,2.35,12.83,56.92,58.05,-81.77,23.65,-0.31,-0.04,17.00,7000.00,-38.00,0.00,0.00
75415.00,2019-07-02 21:27:39.415,30.38,290.83,0.00,1.51,0.00,2.00,1.00,147.09,2.35,12.99,56.91,58.08,-81.10,23.65,-0.32,-0.04,17.00,7000.00,-38.00,0.00,0.00
75515.00,2019-07-02 21:27:39.515,30.39,291.65,0.00,1.51,0.00,2.00,1.00,147.50,2.35,12.96,56.91,58.08,-81.10,23.65,-0.32,-0.04,17.00,7000.00,-38.00,0.00,0.00
75615.00,2019-07-02 21:27:39.615,30.42,292.47,0.00,1.51,0.00,2.00,1.00,147.92,2.35,12.86,56.91,58.08,-81.10,23.65,-0.35,-0.04,17.00,7000.00,-38.00,0.00,0.00
75715.00,2019-07-02 21:27:39.715,30.30,293.29,0.00,1.51,0.00,2.00,1.00,148.33,2.35,12.96,56.96,58.15,-80.31,23.41,-0.31,-0.02,17.00,7000.00,-38.00,0.00,0.00
75815.00,2019-07-02 21:27:39.815,30.33,294.11,0.00,1.51,0.00,2.00,1.00,148.74,2.35,12.83,56.96,58.15,-80.31,23.41,-0.31,-0.04,17.00,7000.00,-38.00,0.00,0.00
75915.00,2019-07-02 21:27:39.915,30.37,295.04,0.00,1.51,0.00,2.00,1.00,149.22,2.35,12.99,56.83,58.15,-80.31,23.41,-0.31,-0.04,17.00,7000.00,-38.00,0.00,0.00
76015.00,2019-07-02 21:27:40.015,30.26,295.86,0.00,1.51,0.00,2.00,1.00,149.63,2.35,12.96,56.83,58.15,-79.67,23.41,-0.30,-0.03,17.00,7000.00,-38.00,0.00,0.00
76115.00,2019-07-02 21:27:40.115,30.19,296.68,0.00,1.51,0.00,2.00,1.00,150.05,2.35,12.85,56.83,58.15,-79.67,23.47,-0.32,-0.03,17.00,7000.00,-38.00,0.00,0.00
76215.00,2019-07-02 21:27:40.215,30.26,297.50,0.00,1.51,0.00,2.00,1.00,150.46,2.35,12.96,56.89,58.22,-79.07,23.47,-0.30,-0.03,17.00,7000.00,-38.00,0.00,0.00
76315.00,2019-07-02 21:27:40.315,30.19,298.32,0.00,1.51,0.00,2.00,1.00,150.87,2.35,13.00,56.89,58.22,-79.07,23.47,-0.31,-0.04,17.00,7000.00,-38.00,0.00,0.00
76415.00,2019-07-02 21:27:40.415,30.16,299.14,0.00,1.51,0.00,2.00,1.00,151.29,2.35,12.81,56.89,58.17,-79.07,23.47,-0.32,-0.03,17.00,7000.00,-38.00,0.00,0.00
76515.00,2019-07-02 21:27:40.515,30.22,300.08,0.00,1.51,0.00,2.00,1.00,151.76,2.35,12.99,56.88,58.17,-78.39,23.38,-0.30,-0.01,17.00,7000.00,-38.00,0.00,0.00
76615.00,2019-07-02 21:27:40.615,30.17,300.90,0.00,1.51,0.00,2.00,1.00,152.18,2.35,12.97,56.88,58.17,-78.39,23.38,-0.33,-0.02,17.00,7000.00,-38.00,0.00,0.00
76715.00,2019-07-02 21:27:40.715,30.25,301.72,0.00,1.51,0.00,2.00,1.00,152.59,2.35,12.95,56.91,58.22,-77.77,23.38,-0.31,-0.02,17.00,7000.00,-38.00,0.00,0.00
76815.00,2019-07-02 21:27:40.815,30.12,302.53,0.00,1.51,0.00,2.00,1.00,153.01,2.35,12.99,56.91,58.22,-77.77,23.38,-0.33,-0.02,17.00,7000.00,-38.00,0.00,0.00
76915.00,2019-07-02 21:27:40.915,30.11,303.35,0.00,1.51,0.00,2.00,1.00,153.42,2.35,12.97,56.91,58.34,-77.77,23.33,-0.31,-0.03,17.00,7000.00,-38.00,0.00,0.00
77015.00,2019-07-02 21:27:41.015,30.10,304.17,0.00,1.51,0.00,2.00,1.00,153.83,2.35,12.98,56.94,58.34,-77.16,23.33,-0.34,-0.04,17.00,7000.00,-38.00,0.00,0.00
77115.00,2019-07-02 21:27:41.115,30.10,304.99,0.00,1.51,0.00,2.00,1.00,154.25,2.35,12.85,56.94,58.34,-77.16,23.33,-0.31,-0.05,17.00,7000.00,-38.00,0.00,0.00
77215.00,2019-07-02 21:27:41.215,30.07,305.93,0.00,1.51,0.00,2.00,1.00,154.72,2.35,12.98,56.86,58.27,-77.16,23.33,-0.32,-0.04,17.00,7000.00,-38.00,0.00,0.00
77315.00,2019-07-02 21:27:41.315,30.02,306.75,0.00,1.51,0.00,2.00,1.00,155.14,2.35,12.84,56.86,58.27,-76.51,23.38,-0.32,-0.03,17.00,7000.00,-38.00,0.00,0.00
77415.00,2019-07-02 21:27:41.415,30.00,307.57,0.00,1.51,0.00,2.00,1.00,155.55,2.35,12.83,56.86,58.34,-76.51,23.38,-0.31,-0.04,17.00,7000.00,-38.00,0.00,0.00
77515.00,2019-07-02 21:27:41.515,30.04,308.39,0.00,1.51,0.00,2.00,1.00,155.96,2.35,12.99,56.91,58.34,-75.98,23.38,-0.31,-0.05,17.00,7000.00,-38.00,0.00,0.00
77615.00,2019-07-02 21:27:41.615,29.96,309.21,0.00,1.51,0.00,2.00,1.00,156.38,2.35,12.83,56.91,58.34,-75.98,23.38,-0.32,-0.04,17.00,7000.00,-38.00,0.00,0.00
77715.00,2019-07-02 21:27:41.715,29.98,310.03,0.00,1.51,0.00,2.00,1.00,156.79,2.35,12.97,56.91,58.31,-75.98,23.36,-0.31,-0.04,17.00,7000.00,-38.00,0.00,0.00
77815.00,2019-07-02 21:27:41.815,29.97,310.84,0.00,1.51,0.00,2.00,1.00,157.21,2.35,12.99,56.95,58.31,-75.32,23.36,-0.32,-0.04,17.00,7000.00,-38.00,0.00,0.00
77915.00,2019-07-02 21:27:41.915,29.92,311.66,0.00,1.51,0.00,2.00,1.00,157.62,2.35,12.81,56.95,58.24,-75.32,23.36,-0.32,-0.03,17.00,7000.00,-38.00,0.00,0.00
78015.00,2019-07-02 21:27:42.015,29.88,312.48,0.00,1.51,0.00,2.00,1.00,158.04,2.35,12.99,56.84,58.24,-74.78,23.36,-0.35,-0.04,17.00,7000.00,-38.00,0.00,0.00
78115.00,2019-07-02 21:27:42.115,29.85,313.30,0.00,1.51,0.00,2.00,1.00,158.45,2.35,12.95,56.84,58.24,-74.78,23.41,-0.29,-0.04,17.00,7000.00,-38.00,0.00,0.00
78215.00,2019-07-02 21:27:42.215,29.90,314.12,0.00,1.51,0.00,2.00,1.00,158.87,2.35,12.95,56.84,58.36,-74.78,23.41,-0.33,-0.03,17.00,7000.00,-38.00,0.00,0.00
78315.00,2019-07-02 21:27:42.315,29.74,314.94,0.00,1.51,0.00,2.00,1.00,159.28,2.35,12.99,56.84,58.36,-74.23,23.41,-0.32,-0.04,17.00,7000.00,-38.00,0.00,0.00
78415.00,2019-07-02 21:27:42.415,29.75,315.76,0.00,1.51,0.00,2.00,1.00,159.69,2.35,12.82,56.84,58.40,-74.23,23.41,-0.29,-0.01,17.00,7000.00,-38.00,0.00,0.00
78515.00,2019-07-02 21:27:42.515,29.76,316.58,0.00,1.51,0.00,2.00,1.00,160.11,2.35,12.98,56.86,58.40,-74.23,23.74,-0.32,-0.01,17.00,7000.00,-38.00,0.00,0.00
78615.00,2019-07-02 21:27:42.615,29.80,317.40,0.00,1.51,0.00,2.00,1.00,160.52,2.35,12.97,56.86,58.40,-73.73,23.74,-0.31,-0.07,17.00,7000.00,-38.00,0.00,0.00
78715.00,2019-07-02 21:27:42.715,29.68,318.22,0.00,1.51,0.00,2.00,1.00,160.94,2.35,12.85,56.86,58.42,-73.73,23.74,-0.31,-0.02,17.00,7000.00,-38.00,0.00,0.00
78815.00,2019-07-02 21:27:42.815,29.73,319.04,0.00,1.51,0.00,2.00,1.00,161.35,2.35,12.95,56.88,58.42,-73.10,23.74,-0.33,-0.02,17.00,7000.00,-38.00,0.00,0.00
78915.00,2019-07-02 21:27:42.915,29.62,319.86,0.00,1.51,0.00,2.00,1.00,161.77,2.35,12.99,56.88,58.42,-73.10,23.69,-0.30,-0.02,17.00,7000.00,-38.00,0.00,0.00
79015.00,2019-07-02 21:27:43.015,29.70,320.68,0.00,1.51,0.00,2.00,1.00,162.18,2.35,12.98,56.88,58.42,-73.10,23.69,-0.32,-0.03,17.00,7000.00,-38.00,0.00,0.00
79115.00,2019-07-02 21:27:43.115,29.65,321.49,0.00,1.51,0.00,2.00,1.00,162.59,2.35,12.98,56.88,58.42,-72.65,23.69,-0.31,-0.04,17.00,7000.00,-38.00,0.00,0.00
79215.00,2019-07-02 21:27:43.215,29.59,322.31,0.00,1.51,0.00,2.00,1.00,163.01,2.35,12.99,56.88,58.48,-72.65,23.69,-0.36,-0.02,17.00,7000.00,-38.00,0.00,0.00
79315.00,2019-07-02 21:27:43.315,29.59,323.13,0.00,1.51,0.00,2.00,1.00,163.42,2.35,12.82,56.96,58.48,-72.09,23.76,-0.34,-0.04,17.00,7000.00,-38.00,0.00,0.00
79415.00,2019-07-02 21:27:43.415,29.63,323.95,0.00,1.51,0.00,2.00,1.00,163.84,2.35,12.95,56.96,58.51,-72.09,23.76,-0.32,-0.05,17.00,7000.00,-38.00,0.00,0.00
79515.00,2019-07-02 21:27:43.515,29.60,324.77,0.00,1.51,0.00,2.00,1.00,164.25,2.35,12.85,56.96,58.51,-72.09,23.76,-0.31,-0.05,17.00,7000.00,-38.00,0.00,0.00
79615.00,2019-07-02 21:27:43.615,29.57,325.59,0.00,1.51,0.00,2.00,1.00,164.67,2.35,12.95,56.85,58.51,-71.56,23.76,-0.29,-0.03,17.00,7000.00,-38.00,0.00,0.00
79715.00,2019-07-02 21:27:43.715,29.56,326.41,0.00,1.51,0.00,2.00,1.00,165.08,2.35,12.99,56.85,58.45,-71.56,23.72,-0.33,-0.03,17.00,7000.00,-38.00,0.00,0.00
79815.00,2019-07-02 21:27:43.815,29.55,327.23,0.00,1.51,0.00,2.00,1.00,165.49,2.35,12.81,56.86,58.45,-71.56,23.72,-0.30,-0.03,17.00,7000.00,-38.00,0.00,0.00
79915.00,2019-07-02 21:27:43.915,29.40,328.05,0.00,1.51,0.00,2.00,1.00,165.91,2.35,13.00,56.86,58.52,-71.01,23.72,-0.31,-0.04,17.00,7000.00,-38.00,0.00,0.00
80015.00,2019-07-02 21:27:44.015,29.43,328.87,0.00,1.51,0.00,2.00,1.00,166.32,2.35,12.85,56.86,58.52,-71.01,23.72,-0.31,-0.02,17.00,7000.00,-38.00,0.00,0.00
80115.00,2019-07-02 21:27:44.115,29.48,329.69,0.00,1.51,0.00,2.00,1.00,166.74,2.35,12.85,56.84,58.52,-70.52,23.74,-0.31,-0.02,17.00,7000.00,-38.00,0.00,0.00
80215.00,2019-07-02 21:27:44.215,29.46,330.51,0.00,1.51,0.00,2.00,1.00,167.15,2.35,12.98,56.84,58.49,-70.52,23.74,-0.33,-0.04,17.00,7000.00,-38.00,0.00,0.00
80315.00,2019-07-02 21:27:44.315,29.43,331.33,0.00,1.51,0.00,2.00,1.00,167.57,2.35,12.84,56.84,58.49,-70.52,23.74,-0.32,-0.02,17.00,7000.00,-38.00,0.00,0.00
80415.00,2019-07-02 21:27:44.415,29.41,332.14,0.00,1.51,0.00,2.00,1.00,167.98,2.35,12.97,56.88,58.53,-70.09,23.74,-0.34,-0.03,17.00,7000.00,-38.00,0.00,0.00
80515.00,2019-07-02 21:27:44.515,29.40,332.96,0.00,1.51,0.00,2.00,1.00,168.39,2.35,12.97,56.88,58.53,-70.09,23.80,-0.30,-0.03,17.00,7000.00,-38.00,0.00,0.00
80615.00,2019-07-02 21:27:44.615,29.41,333.78,0.00,1.51,0.00,2.00,1.00,168.81,2.35,12.84,56.83,58.53,-69.64,23.80,-0.31,-0.04,17.00,7000.00,-38.00,0.00,0.00
80715.00,2019-07-02 21:27:44.715,29.34,334.60,0.00,1.51,0.00,2.00,1.00,169.22,2.35,12.96,56.83,58.58,-69.64,23.80,-0.32,-0.02,17.00,7000.00,-38.00,0.00,0.00
80815.00,2019-07-02 21:27:44.815,29.31,335.42,0.00,1.51,0.00,2.00,1.00,169.64,2.35,12.98,56.83,58.58,-69.64,23.80,-0.29,-0.03,17.00,7000.00,-38.00,0.00,0.00
80915.00,2019-07-02 21:27:44.915,29.27,336.24,0.00,1.51,0.00,2.00,1.00,170.05,2.35,12.98,56.88,58.56,-69.20,23.91,-0.33,-0.04,17.00,7000.00,-38.00,0.00,0.00
81015.00,2019-07-02 21:27:45.015,29.32,336.94,0.00,1.51,0.00,2.00,1.00,170.41,2.35,12.99,56.88,58.56,-69.20,23.91,-0.32,-0.04,17.00,7000.00,-38.00,0.00,0.00
81115.00,2019-07-02 21:27:45.115,29.29,337.76,0.00,1.51,0.00,2.00,1.00,170.82,2.35,12.82,56.83,58.56,-69.20,23.91,-0.31,-0.02,17.00,7000.00,-38.00,0.00,0.00
81215.00,2019-07-02 21:27:45.215,29.27,338.58,0.00,1.51,0.00,2.00,1.00,171.24,2.35,12.81,56.83,58.61,-68.70,23.91,-0.31,-0.03,17.00,7000.00,-38.00,0.00,0.00
81315.00,2019-07-02 21:27:45.315,29.27,339.40,0.00,1.51,0.00,2.00,1.00,171.65,2.35,12.99,56.83,58.61,-68.70,24.05,-0.30,-0.04,17.00,7000.00,-38.00,0.00,0.00
81415.00,2019-07-02 21:27:45.415,29.20,340.22,0.00,1.51,0.00,2.00,1.00,172.06,2.35,12.84,56.77,58.59,-68.13,24.05,-0.31,-0.04,17.00,7000.00,-38.00,0.00,0.00
81515.00,2019-07-02 21:27:45.515,29.16,341.04,0.00,1.51,0.00,2.00,1.00,172.48,2.35,12.97,56.77,58.59,-68.13,24.05,-0.31,-0.02,17.00,7000.00,-38.00,0.00,0.00
81615.00,2019-07-02 21:27:45.615,29.18,341.86,0.00,1.51,0.00,2.00,1.00,172.89,2.35,12.97,56.77,58.59,-68.13,24.05,-0.34,-0.02,17.00,7000.00,-38.00,0.00,0.00
81715.00,2019-07-02 21:27:45.715,29.15,342.68,0.00,1.51,0.00,2.00,1.00,173.31,2.35,12.85,56.76,58.59,-67.80,24.09,-0.31,-0.02,17.00,7000.00,-38.00,0.00,0.00
81815.00,2019-07-02 21:27:45.815,29.13,343.50,0.00,1.51,0.00,2.00,1.00,173.72,2.35,12.98,56.76,58.59,-67.80,24.09,-0.31,-0.02,17.00,7000.00,-38.00,0.00,0.00
81915.00,2019-07-02 21:27:45.915,29.11,344.32,0.00,1.51,0.00,2.00,1.00,174.14,2.35,12.99,56.85,58.67,-67.30,24.09,-0.31,-0.03,17.00,7000.00,-38.00,0.00,0.00
82015.00,2019-07-02 21:27:46.015,29.12,345.14,0.00,1.51,0.00,2.00,1.00,174.55,2.35,12.82,56.85,58.67,-67.30,24.09,-0.32,-0.04,17.00,7000.00,-38.00,0.00,0.00
82115.00,2019-07-02 21:27:46.115,29.04,345.84,0.00,1.51,0.00,2.00,1.00,174.91,2.35,12.99,56.85,58.67,-67.30,24.20,-0.35,-0.03,17.00,7000.00,-38.00,0.00,0.00
82215.00,2019-07-02 21:27:46.215,29.06,346.66,0.00,1.51,0.00,2.00,1.00,175.32,2.35,12.96,56.81,58.70,-66.86,24.20,-0.31,-0.03,17.00,7000.00,-38.00,0.00,0.00
82315.00,2019-07-02 21:27:46.315,29.00,347.48,0.00,1.51,0.00,2.00,1.00,175.73,2.35,12.84,56.81,58.70,-66.86,24.20,-0.31,-0.05,17.00,7000.00,-38.00,0.00,0.00
82415.00,2019-07-02 21:27:46.415,28.97,348.30,0.00,1.51,0.00,2.00,1.00,176.15,2.35,12.95,56.83,58.68,-66.86,24.20,-0.32,-0.04,17.00,7000.00,-38.00,0.00,0.00
82515.00,2019-07-02 21:27:46.515,28.95,349.11,0.00,1.51,0.00,2.00,1.00,176.56,2.35,12.99,56.83,58.68,-66.46,24.34,-0.30,-0.02,17.00,7000.00,-38.00,0.00,0.00
82615.00,2019-07-02 21:27:46.615,28.93,349.93,0.00,1.51,0.00,2.00,1.00,176.98,2.35,12.82,56.83,58.68,-66.46,24.34,-0.32,-0.01,17.00,7000.00,-38.00,0.00,0.00
82715.00,2019-07-02 21:27:46.715,29.02,350.75,0.00,1.51,0.00,2.00,1.00,177.39,2.35,12.95,56.78,58.59,-65.98,24.34,-0.31,-0.05,17.00,7000.00,-38.00,0.00,0.00
82815.00,2019-07-02 21:27:46.815,28.94,351.57,0.00,1.51,0.00,2.00,1.00,177.81,2.35,12.85,56.78,58.59,-65.98,24.34,-0.34,-0.02,17.00,7000.00,-38.00,0.00,0.00
82915.00,2019-07-02 21:27:46.915,28.86,352.27,0.00,1.51,0.00,2.00,1.00,178.16,2.35,12.95,56.78,58.74,-65.98,24.81,-0.31,-0.02,17.00,7000.00,-38.00,0.00,0.00
83015.00,2019-07-02 21:27:47.015,28.90,353.09,0.00,1.51,0.00,2.00,1.00,178.58,2.35,12.83,56.89,58.74,-65.51,24.81,-0.33,-0.02,17.00,7000.00,-38.00,0.00,0.00
83115.00,2019-07-02 21:27:47.115,28.89,353.91,0.00,1.51,0.00,2.00,1.00,178.99,2.35,12.96,56.89,58.74,-65.51,24.81,-0.32,-0.04,17.00,7000.00,-38.00,0.00,0.00
83215.00,2019-07-02 21:27:47.215,28.85,354.73,0.00,1.51,0.00,2.00,1.00,179.40,2.35,12.98,56.80,58.70,-65.20,24.81,-0.30,-0.02,17.00,7000.00,-38.00,0.00,0.00
83315.00,2019-07-02 21:27:47.315,28.84,355.55,0.00,1.51,0.00,2.00,1.00,179.82,2.35,12.84,56.80,58.70,-65.20,25.06,-0.32,-0.03,17.00,7000.00,-38.00,0.00,0.00
83415.00,2019-07-02 21:27:47.415,28.82,356.37,0.00,1.51,0.00,2.00,1.00,180.23,2.35,12.97,56.80,58.79,-65.20,25.06,-0.31,-0.04,17.00,7000.00,-38.00,0.00,0.00
83515.00,2019-07-02 21:27:47.515,28.81,357.07,0.00,1.51,0.00,2.00,1.00,180.59,2.35,13.00,56.81,58.79,-64.81,25.06,-0.31,-0.04,17.00,7000.00,-38.00,0.00,0.00
83615.00,2019-07-02 21:27:47.615,28.75,357.89,0.00,1.51,0.00,2.00,1.00,181.00,2.35,12.98,56.81,58.79,-64.81,25.06,-0.30,-0.02,17.00,7000.00,-38.00,0.00,0.00
83715.00,2019-07-02 21:27:47.715,28.71,358.71,0.00,1.51,0.00,2.00,1.00,181.42,2.35,12.81,56.78,58.77,-64.81,25.23,-0.31,-0.03,17.00,7000.00,-38.00,0.00,0.00
83815.00,2019-07-02 21:27:47.815,28.76,359.53,0.00,1.51,0.00,2.00,1.00,181.83,2.35,12.82,56.78,58.77,-64.41,25.23,-0.32,-0.04,17.00,7000.00,-38.00,0.00,0.00
83915.00,2019-07-02 21:27:47.915,28.65,360.35,0.00,1.51,0.00,2.00,1.00,182.25,2.35,12.98,56.78,58.70,-64.41,25.23,-0.31,-0.02,17.00,7000.00,-38.00,0.00,0.00
84015.00,2019-07-02 21:27:48.015,28.68,361.05,0.00,1.51,0.00,2.00,1.00,182.60,2.35,12.85,56.88,58.70,-64.02,25.23,-0.33,-0.03,17.00,7000.00,-38.00,0.00,0.00
84115.00,2019-07-02 21:27:48.115,28.68,361.87,0.00,1.51,0.00,2.00,1.00,183.01,2.35,13.00,56.88,58.70,-64.02,25.13,-0.31,-0.05,17.00,7000.00,-38.00,0.00,0.00
84215.00,2019-07-02 21:27:48.215,28.69,362.69,0.00,1.51,0.00,2.00,1.00,183.43,2.35,12.99,56.88,58.75,-64.02,25.13,-0.31,-0.03,17.00,7000.00,-38.00,0.00,0.00
84315.00,2019-07-02 21:27:48.315,28.64,363.51,0.00,1.51,0.00,2.00,1.00,183.84,2.35,12.82,56.83,58.75,-63.59,25.13,-0.32,-0.02,17.00,7000.00,-38.00,0.00,0.00
84415.00,2019-07-02 21:27:48.415,28.61,364.21,0.00,1.51,0.00,2.00,1.00,184.20,2.35,12.96,56.83,58.84,-63.59,25.13,-0.30,-0.04,17.00,7000.00,-38.00,0.00,0.00
84515.00,2019-07-02 21:27:48.515,28.60,365.03,0.00,1.51,0.00,2.00,1.00,184.61,2.35,12.85,56.79,58.84,-63.25,25.10,-0.33,-0.05,17.00,7000.00,-38.00,0.00,0.00
84615.00,2019-07-02 21:27:48.615,28.55,365.85,0.00,1.51,0.00,2.00,1.00,185.03,2.35,12.97,56.79,58.84,-63.25,25.10,-0.31,-0.03,17.00,7000.00,-38.00,0.00,0.00
84715.00,2019-07-02 21:27:48.715,28.55,366.67,0.00,1.51,0.00,2.00,1.00,185.44,2.35,12.82,56.79,58.86,-63.25,25.10,-0.29,-0.02,17.00,7000.00,-38.00,0.00,0.00
84815.00,2019-07-02 21:27:48.815,28.53,367.49,0.00,1.51,0.00,2.00,1.00,185.86,2.35,12.99,56.84,58.86,-62.88,25.10,-0.31,-0.03,17.00,7000.00,-38.00,0.00,0.00
84915.00,2019-07-02 21:27:48.915,28.50,368.19,0.00,1.51,0.00,2.00,1.00,186.21,2.35,12.99,56.84,58.87,-62.88,25.21,-0.30,-0.03,17.00,7000.00,-38.00,0.00,0.00
85015.00,2019-07-02 21:27:49.015,28.44,369.01,0.00,1.51,0.00,2.00,1.00,186.63,2.35,12.97,56.84,58.87,-62.88,25.21,-0.33,-0.03,17.00,7000.00,-38.00,0.00,0.00
85115.00,2019-07-02 21:27:49.115,28.49,369.83,0.00,1.51,0.00,2.00,1.00,187.04,2.35,12.95,56.84,58.87,-62.52,25.21,-0.32,-0.04,17.00,7000.00,-38.00,0.00,0.00
85215.00,2019-07-02 21:27:49.215,28.40,370.53,0.00,1.51,0.00,2.00,1.00,187.39,2.35,12.99,56.84,58.95,-62.52,25.21,-0.34,-0.05,17.00,7000.00,-38.00,0.00,0.00
85315.00,2019-07-02 21:27:49.315,28.37,371.35,0.00,1.51,0.00,2.00,1.00,187.81,2.35,12.82,56.74,58.95,-62.09,25.37,-0.31,-0.03,17.00,7000.00,-38.00,0.00,0.00
85415.00,2019-07-02 21:27:49.415,28.36,372.17,0.00,1.51,0.00,2.00,1.00,188.22,2.35,12.97,56.74,58.88,-62.09,25.37,-0.30,-0.04,17.00,7000.00,-38.00,0.00,0.00
85515.00,2019-07-02 21:27:49.515,28.36,372.99,0.00,1.51,0.00,2.00,1.00,188.64,2.35,12.96,56.74,58.88,-62.09,25.37,-0.32,-0.04,17.00,7000.00,-38.00,0.00,0.00
85615.00,2019-07-02 21:27:49.615,28.39,373.69,0.00,1.51,0.00,2.00,1.00,188.99,2.35,12.97,56.80,58.88,-61.70,25.37,-0.30,-0.04,17.00,7000.00,-38.00,0.00,0.00
85715.00,2019-07-02 21:27:49.715,28.34,374.51,0.00,1.51,0.00,2.00,1.00,189.41,2.35,12.98,56.80,59.05,-61.70,25.46,-0.32,-0.03,17.00,7000.00,-38.00,0.00,0.00
85815.00,2019-07-02 21:27:49.815,28.36,375.33,0.00,1.51,0.00,2.00,1.00,189.82,2.35,12.96,56.78,59.05,-61.41,25.46,-0.31,-0.04,17.00,7000.00,-38.00,0.00,0.00
85915.00,2019-07-02 21:27:49.915,28.33,376.15,0.00,1.51,0.00,2.00,1.00,190.24,2.35,12.96,56.78,58.93,-61.41,25.46,-0.29,-0.03,17.00,7000.00,-38.00,0.00,0.00
86015.00,2019-07-02 21:27:50.015,28.24,376.85,0.00,1.51,0.00,2.00,1.00,190.59,2.35,12.98,56.78,58.93,-61.41,25.46,-0.31,-0.02,17.00,7000.00,-38.00,0.00,0.00
86115.00,2019-07-02 21:27:50.115,28.32,377.67,0.00,1.51,0.00,2.00,1.00,191.01,2.35,12.82,56.86,58.93,-61.11,25.52,-0.33,-0.04,17.00,7000.00,-38.00,0.00,0.00
86215.00,2019-07-02 21:27:50.215,28.22,378.49,0.00,1.51,0.00,2.00,1.00,191.42,2.35,13.00,56.86,58.93,-61.11,25.52,-0.29,-0.05,17.00,7000.00,-38.00,0.00,0.00
86315.00,2019-07-02 21:27:50.315,28.18,379.19,0.00,1.51,0.00,2.00,1.00,191.77,2.35,12.96,56.85,58.93,-61.11,25.52,-0.31,-0.04,17.00,7000.00,-38.00,0.00,0.00
86415.00,2019-07-02 21:27:50.415,28.19,380.01,0.00,1.51,0.00,2.00,1.00,192.19,2.35,12.85,56.85,58.95,-60.84,25.52,-0.34,-0.03,17.00,7000.00,-38.00,0.00,0.00
86515.00,2019-07-02 21:27:50.515,28.23,380.83,0.00,1.51,0.00,2.00,1.00,192.60,2.35,12.97,56.85,58.95,-60.84,25.52,-0.31,-0.04,17.00,7000.00,-38.00,0.00,0.00
86615.00,2019-07-02 21:27:50.615,28.18,381.53,0.00,1.51,0.00,2.00,1.00,192.96,2.35,13.00,56.81,58.95,-60.51,25.52,-0.30,-0.03,17.00,7000.00,-38.00,0.00,0.00
86715.00,2019-07-02 21:27:50.715,28.14,382.35,0.00,1.51,0.00,2.00,1.00,193.37,2.35,12.82,56.81,58.91,-60.51,25.52,-0.32,-0.03,17.00,7000.00,-38.00,0.00,0.00
86815.00,2019-07-02 21:27:50.815,28.12,383.17,0.00,1.51,0.00,2.00,1.00,193.79,2.35,12.98,56.78,58.91,-60.51,25.52,-0.29,-0.04,17.00,7000.00,-38.00,0.00,0.00
86915.00,2019-07-02 21:27:50.915,28.11,383.87,0.00,1.51,0.00,2.00,1.00,194.14,2.35,12.98,56.78,58.99,-60.14,25.63,-0.32,-0.03,17.00,7000.00,-38.00,0.00,0.00
87015.00,2019-07-02 21:27:51.015,28.09,384.69,0.00,1.51,0.00,2.00,1.00,194.56,2.35,12.99,56.78,58.99,-60.14,25.63,-0.31,-0.02,17.00,7000.00,-38.00,0.00,0.00
87115.00,2019-07-02 21:27:51.115,28.04,385.51,0.00,1.51,0.00,2.00,1.00,194.97,2.35,12.98,56.85,58.99,-59.97,25.63,-0.31,-0.04,17.00,7000.00,-38.00,0.00,0.00
87215.00,2019-07-02 21:27:51.215,28.06,386.21,0.00,1.51,0.00,2.00,1.00,195.33,2.35,12.84,56.85,59.00,-59.97,25.63,-0.31,-0.03,17.00,7000.00,-38.00,0.00,0.00
87315.00,2019-07-02 21:27:51.315,28.04,387.03,0.00,1.51,0.00,2.00,1.00,195.74,2.35,12.97,56.85,59.00,-59.97,25.28,-0.31,-0.02,17.00,7000.00,-38.00,0.00,0.00
87415.00,2019-07-02 21:27:51.415,28.01,387.85,0.00,1.51,0.00,2.00,1.00,196.15,2.35,13.00,56.85,58.97,-59.54,25.28,-0.32,-0.02,17.00,7000.00,-38.00,0.00,0.00
87515.00,2019-07-02 21:27:51.515,28.00,388.56,0.00,1.51,0.00,2.00,1.00,196.51,2.35,12.81,56.85,58.97,-59.54,25.28,-0.32,-0.03,17.00,7000.00,-38.00,0.00,0.00
87615.00,2019-07-02 21:27:51.615,27.99,389.37,0.00,1.51,0.00,2.00,1.00,196.92,2.35,13.00,56.78,58.97,-59.54,25.28,-0.33,-0.02,17.00,7000.00,-38.00,0.00,0.00
87715.00,2019-07-02 21:27:51.715,27.92,390.08,0.00,1.51,0.00,2.00,1.00,197.28,2.35,12.97,56.78,58.99,-59.27,25.32,-0.31,-0.03,17.00,7000.00,-38.00,0.00,0.00
87815.00,2019-07-02 21:27:51.815,27.96,390.90,0.00,1.51,0.00,2.00,1.00,197.69,2.35,12.85,56.78,58.99,-59.27,25.32,-0.30,-0.04,17.00,7000.00,-38.00,0.00,0.00
87915.00,2019-07-02 21:27:51.915,27.90,391.72,0.00,1.51,0.00,2.00,1.00,198.11,2.35,12.96,56.83,59.04,-58.88,25.32,-0.32,-0.04,17.00,7000.00,-38.00,0.00,0.00
88015.00,2019-07-02 21:27:52.015,27.92,392.42,0.00,1.51,0.00,2.00,1.00,198.46,2.35,12.99,56.83,59.04,-58.88,25.32,-0.29,-0.04,17.00,7000.00,-38.00,0.00,0.00
88115.00,2019-07-02 21:27:52.115,27.90,393.24,0.00,1.51,0.00,2.00,1.00,198.88,2.35,12.84,56.79,59.04,-58.88,25.28,-0.32,-0.04,17.00,7000.00,-38.00,0.00,0.00
88215.00,2019-07-02 21:27:52.215,27.88,393.94,0.00,1.51,0.00,2.00,1.00,199.23,2.35,12.97,56.79,58.95,-58.66,25.28,-0.31,-0.04,17.00,7000.00,-38.00,0.00,0.00
88315.00,2019-07-02 21:27:52.315,27.84,394.76,0.00,1.51,0.00,2.00,1.00,199.65,2.35,13.00,56.79,58.95,-58.66,25.28,-0.31,-0.02,17.00,7000.00,-38.00,0.00,0.00
88415.00,2019-07-02 21:27:52.415,27.83,395.58,0.00,1.51,0.00,2.00,1.00,200.06,2.35,12.99,56.84,59.02,-58.33,25.28,-0.30,-0.02,17.00,7000.00,-38.00,0.00,0.00
88515.00,2019-07-02 21:27:52.515,27.84,396.28,0.00,1.51,0.00,2.00,1.00,200.42,2.35,12.99,56.84,59.02,-58.33,25.55,-0.30,-0.03,17.00,7000.00,-38.00,0.00,0.00
88615.00,2019-07-02 21:27:52.615,27.78,397.10,0.00,1.51,0.00,2.00,1.00,200.83,2.35,12.86,56.84,59.02,-58.33,25.55,-0.31,-0.03,17.00,7000.00,-38.00,0.00,0.00
88715.00,2019-07-02 21:27:52.715,27.79,397.80,0.00,1.51,0.00,2.00,1.00,201.19,2.35,12.96,56.90,58.97,-57.96,25.55,-0.31,-0.03,17.00,7000.00,-38.00,0.00,0.00
88815.00,2019-07-02 21:27:52.815,27.71,398.62,0.00,1.51,0.00,2.00,1.00,201.60,2.35,12.99,56.90,58.97,-57.96,25.55,-0.33,-0.04,17.00,7000.00,-38.00,0.00,0.00
88915.00,2019-07-02 21:27:52.915,27.77,399.44,0.00,1.51,0.00,2.00,1.00,202.01,2.35,12.83,56.74,59.11,-57.96,25.60,-0.31,-0.03,17.00,7000.00,-38.00,0.00,0.00
89015.00,2019-07-02 21:27:53.015,27.67,400.14,0.00,1.51,0.00,2.00,1.00,202.37,2.35,12.98,56.74,59.11,-57.76,25.60,-0.31,-0.03,17.00,7000.00,-38.00,0.00,0.00
89115.00,2019-07-02 21:27:53.115,27.68,400.96,0.00,1.51,0.00,2.00,1.00,202.78,2.35,12.99,56.74,59.11,-57.76,25.60,-0.32,-0.03,17.00,7000.00,-38.00,0.00,0.00
89215.00,2019-07-02 21:27:53.215,27.67,401.66,0.00,1.51,0.00,2.00,1.00,203.14,2.35,12.97,56.80,59.02,-57.41,25.60,-0.30,-0.03,17.00,7000.00,-38.00,0.00,0.00
89315.00,2019-07-02 21:27:53.315,27.64,402.48,0.00,1.51,0.00,2.00,1.00,203.55,2.35,13.00,56.80,59.02,-57.41,25.77,-0.34,-0.01,17.00,7000.00,-38.00,0.00,0.00
89415.00,2019-07-02 21:27:53.415,27.57,403.18,0.00,1.51,0.00,2.00,1.00,203.91,2.35,12.83,56.83,59.07,-57.41,25.77,-0.31,-0.03,17.00,7000.00,-38.00,0.00,0.00
89515.00,2019-07-02 21:27:53.515,27.66,404.00,0.00,1.51,0.00,2.00,1.00,204.32,2.35,12.96,56.83,59.07,-57.14,25.77,-0.31,-0.05,17.00,7000.00,-38.00,0.00,0.00
89615.00,2019-07-02 21:27:53.615,27.61,404.71,0.00,1.51,0.00,2.00,1.00,204.68,2.35,12.84,56.83,59.07,-57.14,25.77,-0.30,-0.03,17.00,7000.00,-38.00,0.00,0.00
89715.00,2019-07-02 21:27:53.715,27.51,405.53,0.00,1.51,0.00,2.00,1.00,205.09,2.35,12.97,56.76,59.06,-56.87,25.91,-0.30,-0.03,17.00,7000.00,-38.00,0.00,0.00
89815.00,2019-07-02 21:27:53.815,27.58,406.23,0.00,1.51,0.00,2.00,1.00,205.45,2.35,12.85,56.76,59.06,-56.87,25.91,-0.32,-0.04,17.00,7000.00,-38.00,0.00,0.00
89915.00,2019-07-02 21:27:53.915,27.51,407.05,0.00,1.51,0.00,2.00,1.00,205.86,2.35,12.84,56.76,59.09,-56.87,25.91,-0.31,-0.02,17.00,7000.00,-38.00,0.00,0.00
90015.00,2019-07-02 21:27:54.015,27.50,407.75,0.00,1.51,0.00,2.00,1.00,206.22,2.35,12.97,56.79,59.09,-56.53,25.91,-0.33,-0.03,17.00,7000.00,-38.00,0.00,0.00
90115.00,2019-07-02 21:27:54.115,27.53,408.57,0.00,1.51,0.00,2.00,1.00,206.63,2.35,12.83,56.79,59.09,-56.53,26.01,-0.32,-0.02,17.00,7000.00,-38.00,0.00,0.00
90215.00,2019-07-02 21:27:54.215,27.51,409.27,0.00,1.51,0.00,2.00,1.00,206.99,2.35,12.98,56.76,59.06,-56.53,26.01,-0.30,-0.02,17.00,7000.00,-38.00,0.00,0.00
90315.00,2019-07-02 21:27:54.315,27.47,410.09,0.00,1.51,0.00,2.00,1.00,207.40,2.35,13.00,56.76,59.06,-56.29,26.01,-0.30,-0.02,17.00,7000.00,-38.00,0.00,0.00
90415.00,2019-07-02 21:27:54.415,27.45,410.79,0.00,1.51,0.00,2.00,1.00,207.76,2.35,12.82,56.76,58.95,-56.29,26.01,-0.30,-0.04,17.00,7000.00,-38.00,0.00,0.00
90515.00,2019-07-02 21:27:54.515,27.44,411.61,0.00,1.51,0.00,2.00,1.00,208.17,2.35,12.99,56.79,58.95,-56.06,26.32,-0.31,-0.04,17.00,7000.00,-38.00,0.00,0.00
90615.00,2019-07-02 21:27:54.615,27.44,412.31,0.00,1.51,0.00,2.00,1.00,208.53,2.35,12.97,56.79,58.95,-56.06,26.32,-0.31,-0.03,17.00,7000.00,-38.00,0.00,0.00
90715.00,2019-07-02 21:27:54.715,27.41,413.13,0.00,1.51,0.00,2.00,1.00,208.94,2.35,12.96,56.76,59.06,-56.06,26.32,-0.30,-0.03,17.00,7000.00,-38.00,0.00,0.00
90815.00,2019-07-02 21:27:54.815,27.37,413.84,0.00,1.51,0.00,2.00,1.00,209.29,2.35,13.00,56.76,59.06,-55.80,26.32,-0.31,-0.02,17.00,7000.00,-38.00,0.00,0.00
90915.00,2019-07-02 21:27:54.915,27.36,414.65,0.00,1.51,0.00,2.00,1.00,209.71,2.35,12.82,56.76,59.11,-55.80,26.25,-0.30,-0.01,17.00,7000.00,-38.00,0.00,0.00
91015.00,2019-07-02 21:27:55.015,27.30,415.36,0.00,1.51,0.00,2.00,1.00,210.06,2.35,12.99,56.79,59.11,-55.51,26.25,-0.31,-0.04,17.00,7000.00,-38.00,0.00,0.00
91115.00,2019-07-02 21:27:55.115,27.30,416.18,0.00,1.51,0.00,2.00,1.00,210.48,2.35,12.98,56.79,59.11,-55.51,26.25,-0.28,-0.01,17.00,7000.00,-38.00,0.00,0.00
91215.00,2019-07-02 21:27:55.215,27.26,416.88,0.00,1.51,0.00,2.00,1.00,210.83,2.35,13.00,56.79,59.16,-55.51,26.25,-0.35,-0.02,17.00,7000.00,-38.00,0.00,0.00
91315.00,2019-07-02 21:27:55.315,27.28,417.70,0.00,1.51,0.00,2.00,1.00,211.25,2.35,12.98,56.83,59.16,-55.22,26.07,-0.31,-0.05,17.00,7000.00,-38.00,0.00,0.00
91415.00,2019-07-02 21:27:55.415,27.26,418.40,0.00,1.51,0.00,2.00,1.00,211.60,2.35,12.98,56.83,59.06,-55.22,26.07,-0.30,-0.03,17.00,7000.00,-38.00,0.00,0.00
91515.00,2019-07-02 21:27:55.515,27.30,419.22,0.00,1.51,0.00,2.00,1.00,212.02,2.35,12.99,56.88,59.06,-55.22,26.07,-0.32,-0.01,17.00,7000.00,-38.00,0.00,0.00
91615.00,2019-07-02 21:27:55.615,27.16,419.92,0.00,1.51,0.00,2.00,1.00,212.37,2.35,12.98,56.88,59.06,-55.05,26.07,-0.30,-0.06,17.00,7000.00,-38.00,0.00,0.00
91715.00,2019-07-02 21:27:55.715,27.23,420.74,0.00,1.51,0.00,2.00,1.00,212.79,2.35,12.86,56.88,59.07,-55.05,25.77,-0.32,-0.02,17.00,7000.00,-38.00,0.00,0.00
91815.00,2019-07-02 21:27:55.815,27.11,421.44,0.00,1.51,0.00,2.00,1.00,213.14,2.35,13.00,56.78,59.07,-54.73,25.77,-0.32,-0.04,17.00,7000.00,-38.00,0.00,0.00
91915.00,2019-07-02 21:27:55.915,27.12,422.14,0.00,1.51,0.00,2.00,1.00,213.50,2.35,13.00,56.78,59.09,-54.73,25.77,-0.29,-0.02,17.00,7000.00,-38.00,0.00,0.00
92015.00,2019-07-02 21:27:56.015,27.09,422.96,0.00,1.51,0.00,2.00,1.00,213.91,2.35,12.98,56.83,59.09,-54.73,25.77,-0.31,-0.05,17.00,7000.00,-38.00,0.00,0.00
92115.00,2019-07-02 21:27:56.115,27.14,423.67,0.00,1.51,0.00,2.00,1.00,214.27,2.35,12.97,56.83,59.09,-54.47,25.66,-0.30,-0.03,17.00,7000.00,-38.00,0.00,0.00
92215.00,2019-07-02 21:27:56.215,27.11,424.49,0.00,1.51,0.00,2.00,1.00,214.68,2.35,12.86,56.83,59.06,-54.47,25.66,-0.31,-0.01,17.00,7000.00,-38.00,0.00,0.00
92315.00,2019-07-02 21:27:56.315,27.03,425.19,0.00,1.51,0.00,2.00,1.00,215.04,2.35,12.96,56.83,59.06,-54.23,25.66,-0.30,-0.02,17.00,7000.00,-38.00,0.00,0.00
92415.00,2019-07-02 21:27:56.415,27.06,426.01,0.00,1.51,0.00,2.00,1.00,215.45,2.35,12.99,56.83,59.12,-54.23,25.66,-0.34,-0.01,17.00,7000.00,-38.00,0.00,0.00
92515.00,2019-07-02 21:27:56.515,27.07,426.71,0.00,1.51,0.00,2.00,1.00,215.81,2.35,12.83,56.83,59.12,-54.23,25.35,-0.31,-0.04,17.00,7000.00,-38.00,0.00,0.00
92615.00,2019-07-02 21:27:56.615,27.04,427.41,0.00,1.51,0.00,2.00,1.00,216.16,2.35,12.96,56.83,59.12,-54.02,25.35,-0.30,-0.01,17.00,7000.00,-38.00,0.00,0.00
92715.00,2019-07-02 21:27:56.715,27.04,428.23,0.00,1.51,0.00,2.00,1.00,216.58,2.35,12.97,56.83,59.12,-54.02,25.35,-0.31,-0.04,17.00,7000.00,-38.00,0.00,0.00
92815.00,2019-07-02 21:27:56.815,27.04,428.93,0.00,1.51,0.00,2.00,1.00,216.93,2.35,12.85,56.85,59.12,-54.02,25.35,-0.29,-0.03,17.00,7000.00,-38.00,0.00,0.00
92915.00,2019-07-02 21:27:56.915,26.98,429.75,0.00,1.51,0.00,2.00,1.00,217.34,2.35,13.00,56.85,59.07,-53.73,25.21,-0.33,-0.03,17.00,7000.00,-38.00,0.00,0.00
93015.00,2019-07-02 21:27:57.015,26.93,430.45,0.00,1.51,0.00,2.00,1.00,217.70,2.35,12.82,56.85,59.07,-53.73,25.21,-0.38,-0.02,17.00,7000.00,-38.00,0.00,0.00
93115.00,2019-07-02 21:27:57.115,26.92,431.16,0.00,1.51,0.00,2.00,1.00,218.05,2.35,12.99,56.85,59.07,-53.55,25.21,-0.31,-0.01,17.00,7000.00,-38.00,0.00,0.00
93215.00,2019-07-02 21:27:57.215,26.88,431.98,0.00,1.51,0.00,2.00,1.00,218.47,2.35,12.96,56.85,59.13,-53.55,25.21,-0.29,-0.04,17.00,7000.00,-38.00,0.00,0.00
93315.00,2019-07-02 21:27:57.315,26.88,432.68,0.00,1.51,0.00,2.00,1.00,218.82,2.35,12.97,56.79,59.13,-53.55,25.02,-0.30,-0.03,17.00,7000.00,-38.00,0.00,0.00
93415.00,2019-07-02 21:27:57.415,26.88,433.38,0.00,1.51,0.00,2.00,1.00,219.18,2.35,12.98,56.79,59.12,-53.34,25.02,-0.31,-0.04,17.00,7000.00,-38.00,0.00,0.00
93515.00,2019-07-02 21:27:57.515,26.86,434.20,0.00,1.51,0.00,2.00,1.00,219.59,2.35,12.99,56.79,59.12,-53.34,25.02,-0.31,-0.02,17.00,7000.00,-38.00,0.00,0.00
93615.00,2019-07-02 21:27:57.615,26.87,434.90,0.00,1.51,0.00,2.00,1.00,219.95,2.35,12.86,56.81,59.12,-53.05,25.02,-0.33,-0.03,17.00,7000.00,-38.00,0.00,0.00
93715.00,2019-07-02 21:27:57.715,26.80,435.60,0.00,1.51,0.00,2.00,1.00,220.30,2.35,12.96,56.81,59.14,-53.05,24.93,-0.31,-0.04,17.00,7000.00,-38.00,0.00,0.00
93815.00,2019-07-02 21:27:57.815,26.81,436.42,0.00,1.51,0.00,2.00,1.00,220.72,2.35,13.00,56.83,59.14,-53.05,24.93,-0.31,-0.00,17.00,7000.00,-38.00,0.00,0.00
93915.00,2019-07-02 21:27:57.915,26.73,437.12,0.00,1.51,0.00,2.00,1.00,221.07,2.35,12.82,56.83,59.12,-52.85,24.93,-0.33,-0.03,17.00,7000.00,-38.00,0.00,0.00
94015.00,2019-07-02 21:27:58.015,26.76,437.94,0.00,1.51,0.00,2.00,1.00,221.49,2.35,12.97,56.83,59.12,-52.85,24.93,-0.27,-0.04,17.00,7000.00,-38.00,0.00,0.00
94115.00,2019-07-02 21:27:58.115,26.80,438.65,0.00,1.51,0.00,2.00,1.00,221.84,2.35,12.99,56.85,59.12,-52.85,24.62,-0.31,-0.04,17.00,7000.00,-38.00,0.00,0.00
94215.00,2019-07-02 21:27:58.215,26.75,439.35,0.00,1.51,0.00,2.00,1.00,222.20,2.35,12.83,56.85,59.16,-52.70,24.62,-0.31,-0.02,17.00,7000.00,-38.00,0.00,0.00
94315.00,2019-07-02 21:27:58.315,26.71,440.17,0.00,1.51,0.00,2.00,1.00,222.61,2.35,13.00,56.85,59.16,-52.70,24.62,-0.30,-0.03,17.00,7000.00,-38.00,0.00,0.00
94415.00,2019-07-02 21:27:58.415,26.67,440.87,0.00,1.51,0.00,2.00,1.00,222.97,2.35,12.96,56.85,59.11,-52.45,24.62,-0.30,-0.03,17.00,7000.00,-38.00,0.00,0.00
94515.00,2019-07-02 21:27:58.515,26.64,441.57,0.00,1.51,0.00,2.00,1.00,223.32,2.35,12.96,56.85,59.11,-52.45,24.44,-0.30,-0.02,17.00,7000.00,-38.00,0.00,0.00
94615.00,2019-07-02 21:27:58.615,26.63,442.27,0.00,1.51,0.00,2.00,1.00,223.68,2.35,12.98,56.83,59.11,-52.45,24.44,-0.36,-0.04,17.00,7000.00,-38.00,0.00,0.00
94715.00,2019-07-02 21:27:58.715,26.59,443.09,0.00,1.51,0.00,2.00,1.00,224.09,2.35,12.84,56.83,59.16,-52.18,24.44,-0.30,-0.05,17.00,7000.00,-38.00,0.00,0.00
94815.00,2019-07-02 21:27:58.815,26.59,443.80,0.00,1.51,0.00,2.00,1.00,224.45,2.35,13.00,56.83,59.16,-52.18,24.44,-0.34,-0.02,17.00,7000.00,-38.00,0.00,0.00
94915.00,2019-07-02 21:27:58.915,26.60,444.50,0.00,1.51,0.00,2.00,1.00,224.80,2.35,12.96,56.81,59.14,-51.98,24.34,-0.31,-0.03,17.00,7000.00,-38.00,0.00,0.00
95015.00,2019-07-02 21:27:59.015,26.60,445.32,0.00,1.51,0.00,2.00,1.00,225.22,2.35,12.96,56.81,59.14,-51.98,24.34,-0.30,-0.02,17.00,7000.00,-38.00,0.00,0.00
95115.00,2019-07-02 21:27:59.115,26.60,446.02,0.00,1.51,0.00,2.00,1.00,225.57,2.35,13.00,56.81,59.14,-51.98,24.34,-0.32,-0.03,17.00,7000.00,-38.00,0.00,0.00
95215.00,2019-07-02 21:27:59.215,26.53,446.72,0.00,1.51,0.00,2.00,1.00,225.93,2.35,12.99,56.81,59.09,-51.74,24.34,-0.30,-0.02,17.00,7000.00,-38.00,0.00,0.00
95315.00,2019-07-02 21:27:59.315,26.55,447.54,0.00,1.51,0.00,2.00,1.00,226.34,2.35,12.98,56.81,59.09,-51.74,24.38,-0.32,-0.04,17.00,7000.00,-38.00,0.00,0.00
95415.00,2019-07-02 21:27:59.415,26.47,448.24,0.00,1.51,0.00,2.00,1.00,226.70,2.35,12.97,56.76,59.09,-51.74,24.38,-0.31,-0.03,17.00,7000.00,-38.00,0.00,0.00
95515.00,2019-07-02 21:27:59.515,26.54,448.95,0.00,1.51,0.00,2.00,1.00,227.05,2.35,12.82,56.76,59.09,-51.61,24.38,-0.30,-0.03,17.00,7000.00,-38.00,0.00,0.00
95615.00,2019-07-02 21:27:59.615,26.46,449.65,0.00,1.51,0.00,2.00,1.00,227.41,2.35,13.00,56.76,59.09,-51.61,24.38,-0.31,-0.02,17.00,7000.00,-38.00,0.00,0.00
95715.00,2019-07-02 21:27:59.715,26.41,450.47,0.00,1.51,0.00,2.00,1.00,227.82,2.35,12.97,56.81,59.05,-51.28,24.24,-0.30,-0.03,17.00,7000.00,-38.00,0.00,0.00
95815.00,2019-07-02 21:27:59.815,26.47,451.17,0.00,1.51,0.00,2.00,1.00,228.18,2.35,12.99,56.81,59.05,-51.28,24.24,-0.32,-0.04,17.00,7000.00,-38.00,0.00,0.00
95915.00,2019-07-02 21:27:59.915,26.47,451.87,0.00,1.51,0.00,2.00,1.00,228.53,2.35,12.98,56.86,59.05,-51.28,24.24,-0.31,-0.03,17.00,7000.00,-38.00,0.00,0.00
96015.00,2019-07-02 21:28:00.015,26.42,452.57,0.00,1.51,0.00,2.00,1.00,228.89,2.35,12.83,56.86,59.05,-51.18,24.24,-0.34,-0.03,17.00,7000.00,-38.00,0.00,0.00
96115.00,2019-07-02 21:28:00.115,26.38,453.39,0.00,1.51,0.00,2.00,1.00,229.30,2.35,12.82,56.86,59.05,-51.18,24.16,-0.31,-0.03,17.00,7000.00,-38.00,0.00,0.00
96215.00,2019-07-02 21:28:00.215,26.36,454.09,0.00,1.51,0.00,2.00,1.00,229.66,2.35,12.96,56.88,59.09,-50.91,24.16,-0.31,-0.02,17.00,7000.00,-38.00,0.00,0.00
96315.00,2019-07-02 21:28:00.315,26.35,454.80,0.00,1.51,0.00,2.00,1.00,230.01,2.35,12.97,56.88,59.09,-50.91,24.16,-0.32,-0.02,17.00,7000.00,-38.00,0.00,0.00
96415.00,2019-07-02 21:28:00.415,26.25,455.50,0.00,1.51,0.00,2.00,1.00,230.37,2.35,12.85,56.81,59.13,-50.91,24.16,-0.29,-0.04,17.00,7000.00,-38.00,0.00,0.00
96515.00,2019-07-02 21:28:00.515,26.28,456.32,0.00,1.51,0.00,2.00,1.00,230.78,2.35,12.99,56.81,59.13,-50.69,23.99,-0.34,-0.04,17.00,7000.00,-38.00,0.00,0.00
96615.00,2019-07-02 21:28:00.615,26.30,457.02,0.00,1.51,0.00,2.00,1.00,231.14,2.35,12.97,56.81,59.13,-50.69,23.99,-0.32,-0.04,17.00,7000.00,-38.00,0.00,0.00
96715.00,2019-07-02 21:28:00.715,27.55,457.84,0.00,1.51,0.00,2.00,1.00,231.55,2.35,12.99,56.78,59.05,-50.69,23.99,-0.31,-0.03,17.00,7000.00,-38.00,0.00,0.00
96815.00,2019-07-02 21:28:00.815,27.09,458.54,0.00,1.51,0.00,2.00,1.00,231.91,2.35,12.99,56.78,59.05,-50.50,23.99,-0.31,-0.02,17.00,7000.00,-38.00,0.00,0.00
96915.00,2019-07-02 21:28:00.915,26.63,459.36,0.00,1.51,0.00,2.00,1.00,232.32,2.35,12.85,56.78,59.13,-50.50,24.06,-0.30,-0.03,17.00,7000.00,-38.00,0.00,0.00
97015.00,2019-07-02 21:28:01.015,26.52,460.06,0.00,1.51,0.00,2.00,1.00,232.67,2.35,12.98,56.83,59.13,-50.30,24.06,-0.31,-0.03,17.00,7000.00,-38.00,0.00,0.00
97115.00,2019-07-02 21:28:01.115,26.36,460.77,0.00,1.51,0.00,2.00,1.00,233.03,2.35,12.98,56.83,59.13,-50.30,24.06,-0.31,-0.04,17.00,7000.00,-38.00,0.00,0.00
97215.00,2019-07-02 21:28:01.215,26.22,461.47,0.00,1.51,0.00,2.00,1.00,233.38,2.35,12.86,56.89,59.13,-50.30,24.06,-0.35,-0.03,17.00,7000.00,-38.00,0.00,0.00
97315.00,2019-07-02 21:28:01.315,26.26,462.17,0.00,1.51,0.00,2.00,1.00,233.74,2.35,13.00,56.89,59.13,-50.20,24.27,-0.30,-0.02,17.00,7000.00,-38.00,0.00,0.00
97415.00,2019-07-02 21:28:01.415,26.22,462.99,0.00,1.51,0.00,2.00,1.00,234.15,2.35,13.00,56.89,59.12,-50.20,24.27,-0.30,-0.01,17.00,7000.00,-38.00,0.00,0.00
97515.00,2019-07-02 21:28:01.515,26.18,463.69,0.00,1.51,0.00,2.00,1.00,234.51,2.35,13.00,56.97,59.12,-49.99,24.27,-0.32,-0.02,17.00,7000.00,-38.00,0.00,0.00
97615.00,2019-07-02 21:28:01.615,26.15,464.39,0.00,1.51,0.00,2.00,1.00,234.86,2.35,12.97,56.97,59.12,-49.99,24.27,-0.29,-0.02,17.00,7000.00,-38.00,0.00,0.00
97715.00,2019-07-02 21:28:01.715,26.13,465.10,0.00,1.51,0.00,2.00,1.00,235.22,2.35,12.99,56.89,59.16,-49.99,24.20,-0.35,-0.03,17.00,7000.00,-38.00,0.00,0.00
97815.00,2019-07-02 21:28:01.815,26.12,465.80,0.00,1.51,0.00,2.00,1.00,235.57,2.35,12.83,56.89,59.16,-49.79,24.20,-0.34,-0.03,17.00,7000.00,-38.00,0.00,0.00
97915.00,2019-07-02 21:28:01.915,26.11,466.50,0.00,1.51,0.00,2.00,1.00,235.93,2.35,12.96,56.89,59.09,-49.79,24.20,-0.31,-0.04,17.00,7000.00,-38.00,0.00,0.00
98015.00,2019-07-02 21:28:02.015,26.04,467.32,0.00,1.51,0.00,2.00,1.00,236.34,2.35,12.85,56.81,59.09,-49.79,24.20,-0.32,-0.02,17.00,7000.00,-38.00,0.00,0.00
98115.00,2019-07-02 21:28:02.115,26.06,468.02,0.00,1.51,0.00,2.00,1.00,236.70,2.35,12.85,56.81,59.09,-49.54,24.06,-0.33,-0.04,17.00,7000.00,-38.00,0.00,0.00
98215.00,2019-07-02 21:28:02.215,25.96,468.72,0.00,1.51,0.00,2.00,1.00,237.05,2.35,13.00,56.81,59.13,-49.54,24.06,-0.32,-0.03,17.00,7000.00,-38.00,0.00,0.00
98315.00,2019-07-02 21:28:02.315,26.00,469.43,0.00,1.51,1.00,2.00,1.00,237.41,2.35,9.71,56.85,59.13,-49.34,24.06,-0.38,-0.06,23.00,7000.00,-38.00,1.00,0.00
98415.00,2019-07-02 21:28:02.415,26.03,470.13,2.85,1.51,1.00,2.00,1.00,237.13,2.36,11.50,56.85,59.12,-49.34,24.06,-0.39,-0.07,23.00,7000.00,-20.00,1.00,0.00
98515.00,2019-07-02 21:28:02.515,25.98,470.83,2.85,1.51,1.00,2.00,1.00,237.49,2.36,11.80,56.88,59.12,-49.34,23.95,-0.26,-0.07,23.00,7000.00,-20.00,1.00,0.00
98615.00,2019-07-02 21:28:02.615,25.95,471.65,844.91,1.51,1.00,2.00,1.00,237.27,2.36,11.56,56.88,59.12,-49.34,23.95,-0.28,-0.07,23.00,7000.00,-35.00,1.00,0.00
98715.00,2019-07-02 21:28:02.715,25.89,472.35,1702.22,1.51,0.00,2.00,1.00,236.37,2.37,12.80,56.88,59.12,-49.34,23.95,-0.32,-0.04,21.00,7000.00,-55.00,1.00,0.00
98815.00,2019-07-02 21:28:02.815,25.84,473.05,1876.11,1.51,0.00,2.00,1.00,236.02,2.38,12.84,56.90,59.12,-49.34,23.95,-0.29,-0.03,21.00,7898.62,-63.00,1.00,0.00
98915.00,2019-07-02 21:28:02.915,25.89,473.76,2783.71,1.51,0.00,2.00,1.00,234.80,2.40,12.85,56.90,59.04,-49.34,24.34,-0.32,-0.03,21.00,5463.75,-85.00,1.00,0.00
99015.00,2019-07-02 21:28:03.015,26.12,474.46,2845.89,1.51,0.00,2.00,1.00,234.15,2.41,12.85,56.81,59.04,-49.34,24.34,-0.30,-0.04,21.00,5505.53,-86.00,1.00,0.00
99115.00,2019-07-02 21:28:03.115,26.21,475.28,2783.38,1.51,0.00,2.00,1.00,233.57,2.42,12.76,56.81,59.04,-55.34,24.34,-0.32,-0.02,21.00,5463.54,-85.00,1.00,0.00
99215.00,2019-07-02 21:28:03.215,26.37,475.98,2800.34,1.51,0.00,2.00,1.00,232.45,2.43,12.85,56.81,59.05,-55.34,24.34,-0.31,-0.02,21.00,5474.93,-85.00,1.00,0.00
99315.00,2019-07-02 21:28:03.315,26.58,476.68,2866.01,1.51,0.00,2.00,1.00,231.82,2.44,12.86,56.83,59.05,-55.34,24.44,-0.31,-0.01,21.00,5519.04,-86.00,1.00,0.00
99415.00,2019-07-02 21:28:03.415,26.68,477.50,2849.88,1.51,0.00,2.00,1.00,231.25,2.45,12.83,56.83,59.09,-79.80,24.44,-0.32,-0.04,21.00,5508.21,-86.00,1.00,0.00
99515.00,2019-07-02 21:28:03.515,26.86,478.20,2858.44,1.51,0.00,2.00,1.00,230.15,2.47,12.84,56.83,59.09,-79.80,24.44,-0.34,-0.04,21.00,5513.95,-86.00,1.00,0.00
99615.00,2019-07-02 21:28:03.615,27.03,478.91,2921.34,1.51,0.00,2.00,1.00,229.53,2.48,12.89,56.84,59.09,-99.54,24.44,-0.32,-0.03,21.00,5556.21,-87.00,1.00,0.00
99715.00,2019-07-02 21:28:03.715,27.18,479.73,2919.07,1.51,0.00,2.00,1.00,228.51,2.49,12.83,56.84,59.12,-99.54,24.46,-0.31,-0.01,21.00,5554.68,-87.00,1.00,0.00
99815.00,2019-07-02 21:28:03.815,27.31,480.43,2921.77,1.51,0.00,2.00,1.00,227.90,2.50,12.88,56.83,59.12,-99.54,24.46,-0.33,-0.01,21.00,5556.50,-87.00,1.00,0.00
99915.00,2019-07-02 21:28:03.915,27.43,481.25,2933.70,1.51,0.00,2.00,1.00,226.89,2.52,12.91,56.83,59.06,-119.20,24.46,-0.32,-0.05,21.00,5564.51,-87.00,1.00,0.00
100015.00,2019-07-02 21:28:04.015,27.60,482.07,2977.22,1.48,0.00,2.00,1.00,226.35,2.53,12.88,56.83,59.06,-119.20,24.46,-0.30,-0.03,21.00,5593.75,-88.00,1.00,0.00
100115.00,2019-07-02 21:28:04.115,27.75,482.77,2964.72,1.47,0.00,2.00,1.00,225.75,2.54,12.87,56.84,59.06,-138.09,24.18,-0.34,-0.05,21.00,5585.35,-88.00,1.00,0.00
100215.00,2019-07-02 21:28:04.215,27.92,483.59,3025.11,1.45,0.00,2.00,1.00,224.76,2.56,12.90,56.84,59.09,-138.09,24.18,-0.31,-0.03,21.00,5618.15,-89.00,1.00,0.00
100315.00,2019-07-02 21:28:04.315,28.11,484.29,3053.05,1.41,0.00,2.00,1.00,223.73,2.57,12.90,56.88,59.09,-138.09,24.18,-0.30,-0.01,21.00,5628.28,-89.00,1.00,0.00
100415.00,2019-07-02 21:28:04.415,28.19,484.99,2980.70,1.37,0.00,2.00,1.00,223.15,2.58,12.87,56.88,59.09,-157.06,24.18,-0.33,-0.01,21.00,5596.08,-88.00,1.00,0.00
100515.00,2019-07-02 21:28:04.515,28.36,485.81,3038.97,1.36,0.00,2.00,1.00,222.18,2.60,12.89,56.88,59.09,-157.06,24.06,-0.30,-0.05,21.00,5623.18,-89.00,1.00,0.00
100615.00,2019-07-02 21:28:04.615,28.59,486.63,3066.94,1.37,0.00,2.00,1.00,221.67,2.61,12.88,56.84,59.09,-157.06,24.06,-0.35,-0.03,21.00,5633.32,-90.00,1.00,0.00
100715.00,2019-07-02 21:28:04.715,28.73,487.45,3063.73,1.34,0.00,2.00,1.00,220.72,2.62,12.84,56.84,59.16,-178.47,24.06,-0.32,-0.02,21.00,5632.15,-90.00,1.00,0.00
100815.00,2019-07-02 21:28:04.815,28.92,488.27,3099.49,1.31,0.00,2.00,1.00,220.22,2.63,12.89,56.84,59.16,-178.47,24.06,-0.30,-0.04,21.00,5645.12,-90.00,1.00,0.00
100915.00,2019-07-02 21:28:04.915,29.04,489.09,3168.07,1.31,0.00,2.00,1.00,219.29,2.65,12.87,56.85,59.09,-199.92,23.89,-0.30,-0.04,21.00,5669.98,-92.00,1.00,0.00
101015.00,2019-07-02 21:28:05.015,29.21,489.91,3082.46,1.31,0.00,2.00,1.00,218.79,2.66,12.87,56.85,59.09,-199.92,23.89,-0.31,-0.02,21.00,5638.94,-90.00,1.00,0.00
101115.00,2019-07-02 21:28:05.115,29.35,490.73,3139.22,1.32,0.00,2.00,1.00,217.87,2.68,12.90,56.86,59.09,-199.92,23.89,-0.32,-0.05,21.00,5659.53,-91.00,1.00,0.00
101215.00,2019-07-02 21:28:05.215,29.61,491.55,3186.40,1.33,0.00,2.00,1.00,216.96,2.69,12.80,56.86,59.12,-199.92,23.89,-0.29,-0.02,21.00,5676.63,-92.00,1.00,0.00
101315.00,2019-07-02 21:28:05.315,29.73,492.37,3170.91,1.32,0.00,2.00,1.00,216.49,2.70,12.90,56.86,59.12,-199.92,23.77,-0.31,-0.01,21.00,5671.02,-92.00,1.00,0.00
101415.00,2019-07-02 21:28:05.415,29.87,493.18,3153.33,1.32,0.00,2.00,1.00,215.59,2.72,12.88,56.88,59.02,-199.92,23.77,-0.31,-0.03,21.00,5664.64,-91.00,1.00,0.00
101515.00,2019-07-02 21:28:05.515,30.05,494.00,3203.84,1.31,0.00,2.00,1.00,214.71,2.73,12.83,56.88,59.02,-199.92,23.77,-0.30,-0.01,21.00,5682.96,-92.00,1.00,0.00
101615.00,2019-07-02 21:28:05.615,30.33,494.94,3266.91,1.29,0.00,2.00,1.00,214.29,2.74,12.90,56.88,59.02,-199.92,23.77,-0.32,-0.04,21.00,5674.99,-93.00,1.00,0.00
101715.00,2019-07-02 21:28:05.715,30.43,495.76,3231.98,1.30,0.00,2.00,1.00,213.42,2.76,12.89,56.88,59.14,-199.92,23.67,-0.29,-0.03,21.00,5693.16,-93.00,1.00,0.00
101815.00,2019-07-02 21:28:05.815,30.64,496.58,3227.89,1.27,0.00,2.00,1.00,212.57,2.78,12.88,56.88,59.14,-199.92,23.67,-0.32,-0.02,21.00,5691.68,-93.00,1.00,0.00
101915.00,2019-07-02 21:28:05.915,30.70,497.51,3279.85,1.26,0.00,2.00,1.00,211.78,2.79,12.87,56.85,59.06,-199.92,23.67,-0.31,-0.03,21.00,5656.07,-94.00,1.00,0.00
102015.00,2019-07-02 21:28:06.015,30.96,498.33,3341.13,1.24,0.00,2.00,1.00,211.34,2.80,12.86,56.85,59.06,-199.92,23.67,-0.31,0.02,21.00,5566.52,-95.00,1.00,0.00
102115.00,2019-07-02 21:28:06.115,31.14,499.15,3287.49,1.24,0.00,2.00,1.00,210.52,2.82,12.86,56.85,59.06,-199.92,23.73,-0.33,-0.03,21.00,5644.91,-94.00,1.00,0.00
102215.00,2019-07-02 21:28:06.215,31.23,500.09,3289.56,1.25,0.00,2.00,1.00,209.76,2.83,12.85,56.83,59.07,-199.92,23.73,-0.31,-0.04,21.00,5641.88,-94.00,1.00,0.00
102315.00,2019-07-02 21:28:06.315,31.41,500.91,3358.52,1.25,0.00,2.00,1.00,208.97,2.85,12.84,56.83,59.07,-199.92,23.73,-0.33,-0.05,21.00,5541.11,-95.00,1.00,0.00
102415.00,2019-07-02 21:28:06.415,31.65,501.85,3393.47,1.26,0.00,2.00,1.00,208.61,2.86,12.89,56.85,59.07,-199.92,23.73,-0.30,-0.03,21.00,5490.03,-96.00,1.00,0.00
102515.00,2019-07-02 21:28:06.515,31.73,502.78,3340.76,1.27,0.00,2.00,1.00,207.88,2.87,12.89,56.85,59.07,-199.92,23.66,-0.31,-0.00,21.00,5567.07,-95.00,1.00,0.00
102615.00,2019-07-02 21:28:06.615,31.90,503.60,3368.70,1.29,0.00,2.00,1.00,207.12,2.89,12.86,56.85,59.07,-199.92,23.66,-0.30,-0.03,21.00,5526.23,-95.00,1.00,0.00
102715.00,2019-07-02 21:28:06.715,32.10,504.54,3431.41,1.29,0.00,2.00,1.00,206.42,2.90,12.91,56.86,59.05,-199.92,23.66,-0.31,-0.02,21.00,5434.58,-96.00,1.00,0.00
102815.00,2019-07-02 21:28:06.815,32.31,505.47,3483.31,1.27,0.00,2.00,1.00,205.74,2.92,12.87,56.86,59.05,-199.92,23.66,-0.30,0.02,21.00,5358.75,-97.00,1.00,0.00
102915.00,2019-07-02 21:28:06.915,32.51,506.29,3490.91,1.28,0.00,2.00,1.00,205.01,2.93,12.83,56.73,59.02,-199.92,23.74,-0.30,-0.03,21.00,5347.64,-97.00,1.00,0.00
103015.00,2019-07-02 21:28:07.015,32.67,507.23,3472.02,1.28,0.00,2.00,1.00,204.34,2.95,12.87,56.73,59.02,-199.92,23.74,-0.33,-0.10,21.00,5375.24,-97.00,1.00,0.00
103115.00,2019-07-02 21:28:07.115,32.85,508.17,3470.41,1.28,0.00,2.00,1.00,203.69,2.96,12.87,56.73,59.02,-199.92,23.74,-0.31,-0.07,21.00,5377.59,-97.00,1.00,0.00
103215.00,2019-07-02 21:28:07.215,32.94,509.10,3539.20,1.29,0.00,2.00,1.00,203.38,2.97,12.91,56.72,59.09,-199.92,23.74,-0.30,-0.05,21.00,5285.44,-98.00,1.00,0.00
103315.00,2019-07-02 21:28:07.315,33.13,510.04,3554.92,1.29,0.00,2.00,1.00,202.74,2.99,12.92,56.72,59.09,-199.92,24.06,-0.31,-0.01,21.00,5265.81,-98.00,1.00,0.00
103415.00,2019-07-02 21:28:07.415,33.32,510.97,3548.62,1.29,0.00,2.00,1.00,202.12,3.00,12.91,56.72,59.06,-199.92,24.06,-0.31,0.00,17.00,5273.68,-98.00,0.00,0.00
103515.00,2019-07-02 21:28:07.515,33.03,511.91,3056.62,1.33,0.00,2.00,1.00,201.44,3.02,12.92,56.81,59.06,-199.92,24.06,-0.33,-0.01,17.00,5629.58,-90.00,0.00,0.00
103615.00,2019-07-02 21:28:07.615,32.90,512.73,2870.74,1.51,0.00,2.00,1.00,201.08,3.03,12.74,56.81,59.06,-199.92,24.06,-0.30,-0.05,17.00,5522.22,-86.00,0.00,0.00
103715.00,2019-07-02 21:28:07.715,32.84,513.67,2674.69,1.51,0.00,2.00,1.00,200.77,3.04,12.90,56.90,59.09,-199.92,24.00,-0.34,-0.04,17.00,5432.31,-83.00,0.00,0.00
103815.00,2019-07-02 21:28:07.815,32.82,514.60,2467.26,1.51,0.00,2.00,1.00,200.48,3.05,12.79,56.90,59.09,-199.92,24.00,-0.32,-0.03,17.00,5392.42,-79.00,0.00,0.00
103915.00,2019-07-02 21:28:07.915,32.73,515.54,2248.62,1.51,0.00,2.00,1.00,200.19,3.06,12.79,56.90,59.09,-199.92,24.00,-0.31,-0.04,17.00,5282.60,-75.00,0.00,0.00
104015.00,2019-07-02 21:28:08.015,32.67,516.36,2009.58,1.51,0.00,2.00,1.00,199.61,3.07,12.90,56.85,59.09,-199.92,24.00,-0.31,-0.02,17.00,8646.57,-71.00,0.00,0.00
104115.00,2019-07-02 21:28:08.115,32.70,517.29,1883.12,1.51,0.00,2.00,1.00,199.52,3.08,12.92,56.85,59.09,-199.92,23.88,-0.31,-0.05,17.00,7948.55,-63.00,0.00,0.00
104215.00,2019-07-02 21:28:08.215,32.70,518.23,1604.15,1.51,0.00,2.00,1.00,199.07,3.09,12.77,57.06,59.06,-199.92,23.88,-0.32,-0.03,17.00,7000.00,-53.00,0.00,0.00
104315.00,2019-07-02 21:28:08.315,32.64,519.17,1433.95,1.51,0.00,2.00,1.00,199.02,3.10,12.93,57.06,59.06,-199.92,23.88,-0.31,-0.04,17.00,7000.00,-48.00,0.00,0.00
104415.00,2019-07-02 21:28:08.415,32.66,519.99,1230.58,1.51,0.00,2.00,1.00,198.94,3.11,12.78,57.06,59.04,-199.92,23.88,-0.31,-0.01,17.00,7000.00,-42.00,0.00,0.00
104515.00,2019-07-02 21:28:08.515,32.64,520.92,890.68,1.51,0.00,2.00,1.00,198.89,3.11,12.91,57.23,59.04,-199.92,23.80,-0.31,-0.03,17.00,7000.00,-36.00,0.00,0.00
104615.00,2019-07-02 21:28:08.615,32.55,521.86,1464.95,1.51,0.00,2.00,1.00,198.85,3.12,12.75,57.23,59.04,-199.92,23.80,-0.30,-0.03,17.00,7000.00,-50.00,0.00,0.00
104715.00,2019-07-02 21:28:08.715,32.62,522.68,1464.95,1.51,0.00,2.00,1.00,199.16,3.12,12.94,57.23,59.07,-199.92,23.80,-0.32,-0.04,17.00,7000.00,-50.00,0.00,0.00
104815.00,2019-07-02 21:28:08.815,32.54,523.61,1464.95,1.51,0.00,2.00,1.00,199.52,3.12,12.90,57.32,59.07,-199.92,23.80,-0.29,-0.03,17.00,7000.00,-50.00,0.00,0.00
104915.00,2019-07-02 21:28:08.915,32.60,524.55,1464.95,1.51,0.00,2.00,1.00,199.88,3.12,12.79,57.32,59.09,-199.92,23.82,-0.34,-0.03,17.00,7000.00,-50.00,0.00,0.00
105015.00,2019-07-02 21:28:09.015,32.55,525.49,319.58,1.51,0.00,2.00,1.00,199.83,3.12,12.91,57.40,59.09,-199.92,23.82,-0.30,-0.03,17.00,7000.00,-25.00,0.00,0.00
105115.00,2019-07-02 21:28:09.115,32.54,526.31,319.58,1.51,0.00,2.00,1.00,200.14,3.12,12.92,57.40,59.09,-199.92,23.82,-0.31,-0.01,17.00,7000.00,-25.00,0.00,0.00
105215.00,2019-07-02 21:28:09.215,32.43,527.24,2223.66,1.51,0.00,2.00,1.00,199.76,3.14,12.79,57.40,59.04,-199.92,23.82,-0.31,-0.04,17.00,5633.84,-75.00,0.00,0.00
105315.00,2019-07-02 21:28:09.315,32.42,528.18,2223.66,1.51,0.00,2.00,1.00,200.12,3.14,12.90,57.42,59.04,-199.92,23.80,-0.31,-0.02,17.00,5633.84,-75.00,0.00,0.00
105415.00,2019-07-02 21:28:09.415,32.40,529.00,2223.66,1.51,0.00,2.00,1.00,200.43,3.14,12.78,57.42,59.02,-199.92,23.80,-0.32,-0.02,17.00,5633.84,-75.00,0.00,0.00
105515.00,2019-07-02 21:28:09.515,32.40,529.93,2223.66,1.51,0.00,2.00,1.00,200.78,3.14,12.77,57.47,59.02,-199.92,23.80,-0.30,-0.02,17.00,5633.84,-75.00,0.00,0.00
105615.00,2019-07-02 21:28:09.615,32.41,530.87,2223.66,1.51,0.00,2.00,1.00,201.14,3.14,12.94,57.47,59.02,-199.92,23.80,-0.31,-0.03,17.00,5633.84,-75.00,0.00,0.00
105715.00,2019-07-02 21:28:09.715,32.31,531.69,0.00,1.51,0.00,2.00,1.00,201.45,3.14,12.90,57.47,59.09,-199.92,24.09,-0.31,-0.04,17.00,5633.84,-75.00,0.00,0.00
105815.00,2019-07-02 21:28:09.815,32.32,532.63,0.00,1.51,0.00,2.00,1.00,201.80,3.14,12.79,57.55,59.09,-199.92,24.09,-0.30,-0.03,17.00,5633.84,-75.00,0.00,0.00
105915.00,2019-07-02 21:28:09.915,32.29,533.56,0.00,1.51,0.00,2.00,1.00,202.16,3.14,12.91,57.55,59.12,-199.92,24.09,-0.31,-0.03,17.00,5633.84,-75.00,0.00,0.00
106015.00,2019-07-02 21:28:10.015,32.29,534.38,0.00,1.51,0.00,2.00,1.00,202.47,3.14,12.93,57.55,59.12,-199.92,24.09,-0.29,-0.04,17.00,5633.84,-75.00,0.00,0.00
106115.00,2019-07-02 21:28:10.115,32.28,535.32,0.00,1.51,0.00,2.00,1.00,202.82,3.14,12.79,57.64,59.12,-199.92,23.88,-0.33,-0.05,17.00,5633.84,-75.00,0.00,0.00
106215.00,2019-07-02 21:28:10.215,32.22,536.14,0.00,1.51,0.00,2.00,1.00,203.13,3.14,12.91,57.64,59.09,-199.92,23.88,-0.30,-0.02,17.00,5633.84,-75.00,0.00,0.00
106315.00,2019-07-02 21:28:10.315,32.15,537.07,0.00,1.51,0.00,2.00,1.00,203.49,3.14,12.95,57.61,59.09,-199.92,23.88,-0.30,-0.02,17.00,5633.84,-75.00,0.00,0.00
106415.00,2019-07-02 21:28:10.415,32.23,538.01,0.00,1.51,0.00,2.00,1.00,203.84,3.14,12.77,57.61,59.06,-196.42,23.88,-0.29,-0.02,17.00,5633.84,-75.00,0.00,0.00
106515.00,2019-07-02 21:28:10.515,32.19,538.83,0.00,1.51,0.00,2.00,1.00,204.15,3.14,12.94,57.61,59.06,-196.42,23.78,-0.29,-0.03,17.00,5633.84,-75.00,0.00,0.00
106615.00,2019-07-02 21:28:10.615,32.21,539.76,0.00,1.51,0.00,2.00,1.00,204.51,3.14,12.81,57.69,59.06,-190.05,23.78,-0.34,-0.03,17.00,5633.84,-75.00,0.00,0.00
106715.00,2019-07-02 21:28:10.715,32.16,540.70,0.00,1.51,0.00,2.00,1.00,204.86,3.14,12.91,57.69,59.16,-190.05,23.78,-0.34,-0.03,17.00,5633.84,-75.00,0.00,0.00
106815.00,2019-07-02 21:28:10.815,32.14,541.52,0.00,1.51,0.00,2.00,1.00,205.17,3.14,12.77,57.63,59.16,-190.05,23.78,-0.31,-0.02,17.00,5633.84,-75.00,0.00,0.00
106915.00,2019-07-02 21:28:10.915,32.05,542.46,0.00,1.51,0.00,2.00,1.00,205.53,3.14,12.93,57.63,59.11,-184.30,23.78,-0.31,-0.03,17.00,5633.84,-75.00,0.00,0.00
107015.00,2019-07-02 21:28:11.015,32.05,543.28,0.00,1.51,0.00,2.00,1.00,205.84,3.14,12.93,57.63,59.11,-184.30,23.78,-0.32,-0.03,17.00,5633.84,-75.00,0.00,0.00
107115.00,2019-07-02 21:28:11.115,32.09,544.21,0.00,1.51,0.00,2.00,1.00,206.19,3.14,12.81,57.70,59.11,-184.30,23.78,-0.31,-0.04,17.00,5633.84,-75.00,0.00,0.00
107215.00,2019-07-02 21:28:11.215,32.09,545.15,0.00,1.51,0.00,2.00,1.00,206.55,3.14,12.94,57.70,59.06,-178.88,23.78,-0.30,-0.04,17.00,5633.84,-75.00,0.00,0.00
107315.00,2019-07-02 21:28:11.315,32.01,545.97,0.00,1.51,0.00,2.00,1.00,206.86,3.14,12.94,57.70,59.06,-178.88,23.72,-0.32,-0.02,17.00,5633.84,-75.00,0.00,0.00
107415.00,2019-07-02 21:28:11.415,31.92,546.90,0.00,1.51,0.00,2.00,1.00,207.21,3.14,12.77,57.70,59.09,-174.19,23.72,-0.32,-0.02,17.00,5633.84,-75.00,0.00,0.00
107515.00,2019-07-02 21:28:11.515,31.96,547.72,0.00,1.51,0.00,2.00,1.00,207.52,3.14,12.95,57.70,59.09,-174.19,23.72,-0.30,-0.02,17.00,5633.84,-75.00,0.00,0.00
107615.00,2019-07-02 21:28:11.615,32.01,548.66,0.00,1.51,0.00,2.00,1.00,207.88,3.14,12.80,57.76,59.09,-174.19,23.72,-0.31,-0.04,17.00,5633.84,-75.00,0.00,0.00
107715.00,2019-07-02 21:28:11.715,31.92,549.48,0.00,1.51,0.00,2.00,1.00,208.19,3.14,12.93,57.76,59.16,-169.88,23.70,-0.31,-0.04,17.00,5633.84,-75.00,0.00,0.00
107815.00,2019-07-02 21:28:11.815,31.93,550.41,0.00,1.51,0.00,2.00,1.00,208.54,3.14,12.94,57.76,59.16,-169.88,23.70,-0.31,-0.05,17.00,5633.84,-75.00,0.00,0.00
107915.00,2019-07-02 21:28:11.915,31.85,551.35,0.00,1.51,0.00,2.00,1.00,208.90,3.14,12.77,57.66,59.14,-165.96,23.70,-0.31,-0.05,17.00,5633.84,-75.00,0.00,0.00
108015.00,2019-07-02 21:28:12.015,31.83,552.17,0.00,1.51,0.00,2.00,1.00,209.21,3.14,12.94,57.66,59.14,-165.96,23.70,-0.31,-0.03,17.00,5633.84,-75.00,0.00,0.00
108115.00,2019-07-02 21:28:12.115,31.79,553.11,0.00,1.51,0.00,2.00,1.00,209.56,3.14,12.93,57.77,59.14,-165.96,23.63,-0.31,-0.05,17.00,5633.84,-75.00,0.00,0.00
108215.00,2019-07-02 21:28:12.215,31.87,553.93,0.00,1.51,0.00,2.00,1.00,209.87,3.14,12.79,57.77,59.14,-162.29,23.63,-0.31,-0.03,17.00,5633.84,-75.00,0.00,0.00
108315.00,2019-07-02 21:28:12.315,31.78,554.86,0.00,1.51,0.00,2.00,1.00,210.23,3.14,12.93,57.77,59.14,-162.29,23.63,-0.33,-0.04,17.00,5633.84,-75.00,0.00,0.00
108415.00,2019-07-02 21:28:12.415,31.76,555.68,0.00,1.51,0.00,2.00,1.00,210.54,3.14,12.79,57.73,59.09,-162.29,23.63,-0.29,-0.04,17.00,5633.84,-75.00,0.00,0.00
108515.00,2019-07-02 21:28:12.515,31.79,556.62,0.00,1.51,0.00,2.00,1.00,210.89,3.14,12.94,57.73,59.09,-158.83,23.77,-0.30,-0.01,17.00,5633.84,-75.00,0.00,0.00
108615.00,2019-07-02 21:28:12.615,31.79,557.44,0.00,1.51,0.00,2.00,1.00,211.20,3.14,12.93,57.80,59.09,-158.83,23.77,-0.31,-0.03,17.00,5633.84,-75.00,0.00,0.00
108715.00,2019-07-02 21:28:12.715,31.68,558.37,0.00,1.51,0.00,2.00,1.00,211.56,3.14,12.96,57.80,59.12,-155.56,23.77,-0.31,-0.04,17.00,5633.84,-75.00,0.00,0.00
108815.00,2019-07-02 21:28:12.815,31.70,559.19,0.00,1.51,0.00,2.00,1.00,211.87,3.14,12.78,57.80,59.12,-155.56,23.77,-0.31,-0.02,17.00,5633.84,-75.00,0.00,0.00
108915.00,2019-07-02 21:28:12.915,31.70,560.13,0.00,1.51,0.00,2.00,1.00,212.22,3.14,12.93,57.77,59.19,-155.56,23.84,-0.31,-0.03,17.00,5633.84,-75.00,0.00,0.00
109015.00,2019-07-02 21:28:13.015,31.64,560.95,0.00,1.51,0.00,2.00,1.00,212.54,3.14,12.81,57.77,59.19,-152.31,23.84,-0.32,-0.03,17.00,5633.84,-75.00,0.00,0.00
109115.00,2019-07-02 21:28:13.115,31.68,561.88,0.00,1.51,0.00,2.00,1.00,212.89,3.14,12.92,57.77,59.19,-152.31,23.84,-0.30,-0.04,17.00,5633.84,-75.00,0.00,0.00
109215.00,2019-07-02 21:28:13.215,31.63,562.70,0.00,1.51,0.00,2.00,1.00,213.20,3.14,12.95,57.78,59.20,-149.45,23.84,-0.31,-0.03,17.00,5633.84,-75.00,0.00,0.00
109315.00,2019-07-02 21:28:13.315,31.58,563.64,0.00,1.51,0.00,2.00,1.00,213.56,3.14,12.77,57.78,59.20,-149.45,23.87,-0.31,-0.03,17.00,5633.84,-75.00,0.00,0.00
109415.00,2019-07-02 21:28:13.415,31.60,564.46,0.00,1.51,0.00,2.00,1.00,213.87,3.14,12.95,57.84,59.16,-149.45,23.87,-0.31,-0.03,17.00,5633.84,-75.00,0.00,0.00
109515.00,2019-07-02 21:28:13.515,31.59,565.40,0.00,1.51,0.00,2.00,1.00,214.22,3.14,12.93,57.84,59.16,-146.63,23.87,-0.32,-0.05,17.00,5633.84,-75.00,0.00,0.00
109615.00,2019-07-02 21:28:13.615,31.57,566.21,0.00,1.51,0.00,2.00,1.00,214.53,3.14,12.94,57.84,59.16,-146.63,23.87,-0.30,-0.04,17.00,5633.84,-75.00,0.00,0.00
109715.00,2019-07-02 21:28:13.715,31.53,567.15,0.00,1.51,0.00,2.00,1.00,214.89,3.14,12.94,57.76,59.23,-146.63,23.88,-0.32,-0.04,17.00,5633.84,-75.00,0.00,0.00
109815.00,2019-07-02 21:28:13.815,31.48,567.97,0.00,1.51,0.00,2.00,1.00,215.20,3.14,12.93,57.76,59.23,-144.05,23.88,-0.31,-0.04,17.00,5633.84,-75.00,0.00,0.00
109915.00,2019-07-02 21:28:13.915,31.49,568.91,0.00,1.51,0.00,2.00,1.00,215.55,3.14,12.82,57.82,59.32,-144.05,23.88,-0.31,-0.03,17.00,5633.84,-75.00,0.00,0.00
110015.00,2019-07-02 21:28:14.015,31.47,569.73,0.00,1.51,0.00,2.00,1.00,215.86,3.14,12.92,57.82,59.32,-141.48,23.88,-0.31,-0.03,17.00,5633.84,-75.00,0.00,0.00
110115.00,2019-07-02 21:28:14.115,31.44,570.54,0.00,1.51,0.00,2.00,1.00,216.17,3.14,12.78,57.82,59.32,-141.48,23.63,-0.30,-0.02,17.00,5633.84,-75.00,0.00,0.00
110215.00,2019-07-02 21:28:14.215,31.39,571.48,0.00,1.51,0.00,2.00,1.00,216.53,3.14,12.96,57.75,59.26,-141.48,23.63,-0.31,-0.03,17.00,5633.84,-75.00,0.00,0.00
110315.00,2019-07-02 21:28:14.315,31.39,572.30,0.00,1.51,0.00,2.00,1.00,216.84,3.14,12.92,57.75,59.26,-139.03,23.63,-0.31,-0.03,17.00,5633.84,-75.00,0.00,0.00
110415.00,2019-07-02 21:28:14.415,31.42,573.24,0.00,1.51,0.00,2.00,1.00,217.19,3.14,12.93,57.75,59.32,-139.03,23.63,-0.32,-0.04,17.00,5633.84,-75.00,0.00,0.00
110515.00,2019-07-02 21:28:14.515,31.34,574.06,0.00,1.51,0.00,2.00,1.00,217.50,3.14,12.96,57.82,59.32,-136.79,23.54,-0.30,-0.03,17.00,5633.84,-75.00,0.00,0.00
110615.00,2019-07-02 21:28:14.615,31.23,574.99,0.00,1.51,0.00,2.00,1.00,217.86,3.14,12.78,57.82,59.32,-136.79,23.54,-0.31,-0.03,17.00,5633.84,-75.00,0.00,0.00
110715.00,2019-07-02 21:28:14.715,31.34,575.81,0.00,1.51,0.00,2.00,1.00,218.17,3.14,12.79,57.88,59.32,-136.79,23.54,-0.32,-0.03,17.00,5633.84,-75.00,0.00,0.00
110815.00,2019-07-02 21:28:14.815,31.31,576.63,0.00,1.51,0.00,2.00,1.00,218.48,3.14,12.94,57.88,59.32,-134.53,23.54,-0.29,-0.03,17.00,5633.84,-75.00,0.00,0.00
110915.00,2019-07-02 21:28:14.915,31.29,577.57,0.00,1.51,0.00,2.00,1.00,218.83,3.14,12.82,57.88,59.37,-134.53,23.43,-0.31,-0.03,17.00,5633.84,-75.00,0.00,0.00
111015.00,2019-07-02 21:28:15.015,31.27,578.39,0.00,1.51,0.00,2.00,1.00,219.14,3.14,12.94,57.91,59.37,-134.53,23.43,-0.31,-0.03,17.00,5633.84,-75.00,0.00,0.00
111115.00,2019-07-02 21:28:15.115,31.20,579.32,0.00,1.51,0.00,2.00,1.00,219.50,3.14,12.94,57.91,59.37,-132.36,23.43,-0.30,-0.02,17.00,5633.84,-75.00,0.00,0.00
111215.00,2019-07-02 21:28:15.215,31.19,580.14,0.00,1.51,0.00,2.00,1.00,219.81,3.14,12.78,57.84,59.30,-132.36,23.43,-0.31,-0.03,17.00,5633.84,-75.00,0.00,0.00
111315.00,2019-07-02 21:28:15.315,31.22,580.96,0.00,1.51,0.00,2.00,1.00,220.12,3.14,12.93,57.84,59.30,-130.54,23.43,-0.30,-0.04,17.00,5633.84,-75.00,0.00,0.00
111415.00,2019-07-02 21:28:15.415,31.17,581.90,0.00,1.51,0.00,2.00,1.00,220.47,3.14,12.94,57.84,59.34,-130.54,23.43,-0.31,-0.04,17.00,5633.84,-75.00,0.00,0.00
111515.00,2019-07-02 21:28:15.515,31.12,582.72,0.00,1.51,0.00,2.00,1.00,220.78,3.14,12.80,57.87,59.34,-130.54,23.43,-0.31,-0.03,17.00,5633.84,-75.00,0.00,0.00
111615.00,2019-07-02 21:28:15.615,31.10,583.65,0.00,1.51,0.00,2.00,1.00,221.14,3.14,12.96,57.87,59.34,-128.44,23.43,-0.33,-0.04,17.00,5633.84,-75.00,0.00,0.00
111715.00,2019-07-02 21:28:15.715,31.16,584.47,0.00,1.51,0.00,2.00,1.00,221.45,3.14,12.80,57.80,59.40,-128.44,23.28,-0.32,-0.04,17.00,5633.84,-75.00,0.00,0.00
111815.00,2019-07-02 21:28:15.815,31.14,585.29,0.00,1.51,0.00,2.00,1.00,221.76,3.14,12.94,57.80,59.40,-126.70,23.28,-0.30,-0.03,17.00,5633.84,-75.00,0.00,0.00
111915.00,2019-07-02 21:28:15.915,31.07,586.23,0.00,1.51,0.00,2.00,1.00,222.11,3.14,12.97,57.80,59.39,-126.70,23.28,-0.32,-0.03,17.00,5633.84,-75.00,0.00,0.00
112015.00,2019-07-02 21:28:16.015,31.01,587.05,0.00,1.51,0.00,2.00,1.00,222.42,3.14,12.78,57.87,59.39,-126.70,23.28,-0.29,-0.01,17.00,5633.84,-75.00,0.00,0.00
112115.00,2019-07-02 21:28:16.115,31.10,587.87,0.00,1.51,0.00,2.00,1.00,222.73,3.14,12.96,57.87,59.39,-124.80,23.18,-0.32,-0.01,17.00,5633.84,-75.00,0.00,0.00
112215.00,2019-07-02 21:28:16.215,31.06,588.80,0.00,1.51,0.00,2.00,1.00,223.09,3.14,12.94,57.87,59.51,-124.80,23.18,-0.31,-0.04,17.00,5633.84,-75.00,0.00,0.00
112315.00,2019-07-02 21:28:16.315,30.94,589.62,0.00,1.51,0.00,2.00,1.00,223.40,3.14,12.82,57.91,59.51,-124.80,23.18,-0.31,-0.04,17.00,5633.84,-75.00,0.00,0.00
112415.00,2019-07-02 21:28:16.415,30.98,590.44,0.00,1.51,0.00,2.00,1.00,223.71,3.14,12.96,57.91,59.52,-123.16,23.18,-0.31,-0.02,17.00,5633.84,-75.00,0.00,0.00
112515.00,2019-07-02 21:28:16.515,30.98,591.38,0.00,1.51,0.00,2.00,1.00,224.06,3.14,12.94,57.91,59.52,-123.16,23.09,-0.30,-0.03,17.00,5633.84,-75.00,0.00,0.00
112615.00,2019-07-02 21:28:16.615,30.98,592.20,0.00,1.51,0.00,2.00,1.00,224.37,3.14,12.82,57.91,59.52,-121.45,23.09,-0.32,-0.03,17.00,5633.84,-75.00,0.00,0.00
112715.00,2019-07-02 21:28:16.715,30.89,593.02,0.00,1.51,0.00,2.00,1.00,224.69,3.14,12.93,57.91,59.48,-121.45,23.09,-0.30,-0.04,17.00,5633.84,-75.00,0.00,0.00
112815.00,2019-07-02 21:28:16.815,30.77,593.95,0.00,1.51,0.00,2.00,1.00,225.04,3.14,12.96,57.88,59.48,-121.45,23.09,-0.31,-0.02,17.00,5633.84,-75.00,0.00,0.00
112915.00,2019-07-02 21:28:16.915,30.86,594.77,0.00,1.51,0.00,2.00,1.00,225.35,3.14,12.80,57.88,59.55,-119.86,23.05,-0.31,-0.03,17.00,5633.84,-75.00,0.00,0.00
113015.00,2019-07-02 21:28:17.015,30.81,595.59,0.00,1.51,0.00,2.00,1.00,225.66,3.14,12.94,57.76,59.55,-119.86,23.05,-0.32,-0.04,17.00,5633.84,-75.00,0.00,0.00
113115.00,2019-07-02 21:28:17.115,30.87,596.53,0.00,1.51,0.00,2.00,1.00,226.02,3.14,12.97,57.76,59.55,-118.33,23.05,-0.32,-0.05,17.00,5633.84,-75.00,0.00,0.00
113215.00,2019-07-02 21:28:17.215,30.84,597.35,0.00,1.51,0.00,2.00,1.00,226.33,3.14,12.81,57.76,59.54,-118.33,23.05,-0.29,-0.03,17.00,5633.84,-75.00,0.00,0.00
113315.00,2019-07-02 21:28:17.315,30.81,598.16,0.00,1.51,0.00,2.00,1.00,226.64,3.14,12.95,57.87,59.54,-118.33,22.96,-0.32,-0.03,17.00,5633.84,-75.00,0.00,0.00
113415.00,2019-07-02 21:28:17.415,30.76,599.10,0.00,1.51,0.00,2.00,1.00,226.99,3.14,12.93,57.87,59.53,-116.75,22.96,-0.31,-0.04,17.00,5633.84,-75.00,0.00,0.00
113515.00,2019-07-02 21:28:17.515,30.75,599.92,0.00,1.51,0.00,2.00,1.00,227.30,3.14,12.82,57.87,59.53,-116.75,22.96,-0.33,-0.04,17.00,5633.84,-75.00,0.00,0.00
113615.00,2019-07-02 21:28:17.615,30.76,600.74,0.00,1.51,0.00,2.00,1.00,227.61,3.14,12.96,57.88,59.53,-116.75,22.96,-0.31,-0.03,17.00,5633.84,-75.00,0.00,0.00
113715.00,2019-07-02 21:28:17.715,30.69,601.56,0.00,1.51,0.00,2.00,1.00,227.92,3.14,12.79,57.88,59.56,-115.29,22.98,-0.30,-0.03,17.00,5633.84,-75.00,0.00,0.00
113815.00,2019-07-02 21:28:17.815,30.72,602.50,0.00,1.51,0.00,2.00,1.00,228.28,3.14,12.96,57.84,59.56,-115.29,22.98,-0.33,-0.04,17.00,5633.84,-75.00,0.00,0.00
113915.00,2019-07-02 21:28:17.915,30.72,603.20,0.00,1.51,0.00,2.00,1.00,228.54,3.14,12.92,57.84,59.65,-113.93,22.98,-0.31,-0.05,17.00,5633.84,-75.00,0.00,0.00
114015.00,2019-07-02 21:28:18.015,30.62,604.02,0.00,1.51,0.00,2.00,1.00,228.85,3.14,12.82,57.84,59.65,-113.93,22.98,-0.33,-0.04,17.00,5633.84,-75.00,0.00,0.00
114115.00,2019-07-02 21:28:18.115,30.52,604.84,0.00,1.51,0.00,2.00,1.00,229.16,3.14,12.95,57.78,59.65,-113.93,23.34,-0.32,-0.04,17.00,5633.84,-75.00,0.00,0.00
114215.00,2019-07-02 21:28:18.215,30.57,605.77,0.00,1.51,0.00,2.00,1.00,229.52,3.14,12.96,57.78,59.62,-112.48,23.34,-0.30,-0.04,17.00,5633.84,-75.00,0.00,0.00
114315.00,2019-07-02 21:28:18.315,30.63,606.59,0.00,1.51,0.00,2.00,1.00,229.83,3.14,12.96,57.73,59.62,-112.48,23.34,-0.32,-0.05,17.00,5633.84,-75.00,0.00,0.00
114415.00,2019-07-02 21:28:18.415,30.56,607.41,0.00,1.51,0.00,2.00,1.00,230.14,3.14,12.96,57.73,59.58,-111.19,23.34,-0.31,-0.04,17.00,5633.84,-75.00,0.00,0.00
114515.00,2019-07-02 21:28:18.515,30.49,608.23,0.00,1.51,0.00,2.00,1.00,230.45,3.14,12.83,57.73,59.58,-111.19,23.21,-0.33,-0.03,17.00,5633.84,-75.00,0.00,0.00
114615.00,2019-07-02 21:28:18.615,30.45,609.17,0.00,1.51,0.00,2.00,1.00,230.80,3.14,12.94,57.75,59.58,-111.19,23.21,-0.30,-0.04,17.00,5633.84,-75.00,0.00,0.00
114715.00,2019-07-02 21:28:18.715,30.53,609.99,0.00,1.51,0.00,2.00,1.00,231.11,3.14,12.81,57.75,59.76,-109.87,23.21,-0.31,-0.04,17.00,5633.84,-75.00,0.00,0.00
114815.00,2019-07-02 21:28:18.815,30.50,610.80,0.00,1.51,0.00,2.00,1.00,231.43,3.14,12.97,57.75,59.76,-109.87,23.21,-0.33,-0.03,17.00,5633.84,-75.00,0.00,0.00
114915.00,2019-07-02 21:28:18.915,30.49,611.62,0.00,1.51,0.00,2.00,1.00,231.74,3.14,12.96,57.66,59.71,-109.87,23.20,-0.30,-0.03,17.00,5633.84,-75.00,0.00,0.00
115015.00,2019-07-02 21:28:19.015,30.46,612.44,0.00,1.51,0.00,2.00,1.00,232.05,3.14,12.96,57.66,59.71,-108.62,23.20,-0.34,-0.02,17.00,5633.84,-75.00,0.00,0.00
115115.00,2019-07-02 21:28:19.115,30.43,613.38,0.00,1.51,0.00,2.00,1.00,232.40,3.14,12.93,57.69,59.71,-108.62,23.20,-0.30,-0.04,17.00,5633.84,-75.00,0.00,0.00
115215.00,2019-07-02 21:28:19.215,30.45,614.20,0.00,1.51,0.00,2.00,1.00,232.71,3.14,12.82,57.69,59.72,-107.45,23.20,-0.34,-0.04,17.00,5633.84,-75.00,0.00,0.00
115315.00,2019-07-02 21:28:19.315,30.40,615.02,0.00,1.51,0.00,2.00,1.00,233.02,3.14,12.95,57.69,59.72,-107.45,23.18,-0.30,-0.02,17.00,5633.84,-75.00,0.00,0.00
115415.00,2019-07-02 21:28:19.415,30.34,615.84,0.00,1.51,0.00,2.00,1.00,233.33,3.14,12.78,57.62,59.81,-107.45,23.18,-0.31,-0.02,17.00,5633.84,-75.00,0.00,0.00
115515.00,2019-07-02 21:28:19.515,30.38,616.66,0.00,1.51,0.00,2.00,1.00,233.64,3.14,12.97,57.62,59.81,-106.23,23.18,-0.32,-0.03,17.00,5633.84,-75.00,0.00,0.00
115615.00,2019-07-02 21:28:19.615,30.36,617.59,0.00,1.51,0.00,2.00,1.00,234.00,3.14,12.96,57.62,59.81,-106.23,23.18,-0.29,-0.03,17.00,5633.84,-75.00,0.00,0.00
115715.00,2019-07-02 21:28:19.715,30.32,618.41,0.00,1.51,0.00,2.00,1.00,234.31,3.14,12.97,57.69,59.74,-105.09,23.07,-0.32,-0.02,17.00,5633.84,-75.00,0.00,0.00
115815.00,2019-07-02 21:28:19.815,30.31,619.23,0.00,1.51,0.00,2.00,1.00,234.62,3.14,12.94,57.69,59.74,-105.09,23.07,-0.31,-0.02,17.00,5633.84,-75.00,0.00,0.00
115915.00,2019-07-02 21:28:19.915,30.32,620.05,0.00,1.51,0.00,2.00,1.00,234.93,3.14,12.96,57.59,59.83,-105.09,23.07,-0.31,-0.04,17.00,5633.84,-75.00,0.00,0.00
116015.00,2019-07-02 21:28:20.015,30.23,620.87,0.00,1.51,0.00,2.00,1.00,235.24,3.14,12.96,57.59,59.83,-103.96,23.07,-0.31,-0.03,17.00,5633.84,-75.00,0.00,0.00
116115.00,2019-07-02 21:28:20.115,30.18,621.69,0.00,1.51,0.00,2.00,1.00,235.55,3.14,12.79,57.59,59.83,-103.96,23.05,-0.30,-0.03,17.00,5633.84,-75.00,0.00,0.00
116215.00,2019-07-02 21:28:20.215,30.22,622.63,0.00,1.51,0.00,2.00,1.00,235.90,3.14,12.97,57.54,59.77,-103.96,23.05,-0.31,-0.03,17.00,5633.84,-75.00,0.00,0.00
116315.00,2019-07-02 21:28:20.315,30.17,623.44,0.00,1.51,0.00,2.00,1.00,236.21,3.14,12.94,57.54,59.77,-102.72,23.05,-0.31,-0.04,17.00,5633.84,-75.00,0.00,0.00
116415.00,2019-07-02 21:28:20.415,30.14,624.26,0.00,1.51,0.00,2.00,1.00,236.52,3.14,12.83,57.55,59.78,-102.72,23.05,-0.33,-0.02,17.00,5633.84,-75.00,0.00,0.00
116515.00,2019-07-02 21:28:20.515,30.12,625.08,0.00,1.51,0.00,2.00,1.00,236.84,3.14,12.93,57.55,59.78,-101.71,22.85,-0.31,-0.02,17.00,5633.84,-75.00,0.00,0.00
116615.00,2019-07-02 21:28:20.615,30.11,625.90,0.00,1.51,0.00,2.00,1.00,237.15,3.14,12.79,57.55,59.78,-101.71,22.85,-0.30,-0.03,17.00,5633.84,-75.00,0.00,0.00
116715.00,2019-07-02 21:28:20.715,30.11,626.72,0.00,1.51,0.00,2.00,1.00,237.46,3.14,12.80,57.56,59.88,-101.71,22.85,-0.31,-0.04,17.00,5633.84,-75.00,0.00,0.00
116815.00,2019-07-02 21:28:20.815,30.00,627.54,0.00,1.51,0.00,2.00,1.00,237.77,3.14,12.93,57.56,59.88,-100.66,22.85,-0.29,-0.04,17.00,5633.84,-75.00,0.00,0.00
116915.00,2019-07-02 21:28:20.915,30.04,628.48,0.00,1.51,0.00,2.00,1.00,238.12,3.14,12.83,57.56,59.85,-100.66,22.85,-0.32,-0.02,17.00,5633.84,-75.00,0.00,0.00
117015.00,2019-07-02 21:28:21.015,30.06,629.30,0.00,1.51,0.00,2.00,1.00,238.43,3.14,12.94,57.52,59.85,-99.59,22.85,-0.30,-0.03,17.00,5633.84,-75.00,0.00,0.00
117115.00,2019-07-02 21:28:21.115,29.97,630.12,0.00,1.51,0.00,2.00,1.00,238.74,3.14,12.97,57.52,59.85,-99.59,22.85,-0.31,-0.03,17.00,5633.84,-75.00,0.00,0.00
117215.00,2019-07-02 21:28:21.215,30.02,630.93,0.00,1.51,0.00,2.00,1.00,239.05,3.14,12.79,57.45,59.88,-99.59,22.85,-0.31,-0.03,17.00,5633.84,-75.00,0.00,0.00
117315.00,2019-07-02 21:28:21.315,29.93,631.75,0.00,1.51,0.00,2.00,1.00,239.36,3.14,12.96,57.45,59.88,-98.54,22.84,-0.31,-0.03,17.00,5633.84,-75.00,0.00,0.00
117415.00,2019-07-02 21:28:21.415,30.00,632.57,0.00,1.51,0.00,2.00,1.00,239.67,3.14,12.95,57.45,59.83,-98.54,22.84,-0.32,-0.03,17.00,5633.84,-75.00,0.00,0.00
117515.00,2019-07-02 21:28:21.515,29.95,633.39,0.00,1.51,0.00,2.00,1.00,239.98,3.14,12.81,57.55,59.83,-98.54,22.84,-0.30,-0.05,17.00,5633.84,-75.00,0.00,0.00
117615.00,2019-07-02 21:28:21.615,29.91,634.21,0.00,1.51,0.00,2.00,1.00,240.29,3.14,12.97,57.55,59.83,-97.60,22.84,-0.32,-0.03,17.00,5633.84,-75.00,0.00,0.00
117715.00,2019-07-02 21:28:21.715,29.88,635.03,0.00,1.51,0.00,2.00,1.00,240.60,3.14,12.83,57.43,59.86,-97.60,22.74,-0.30,-0.01,17.00,5633.84,-75.00,0.00,0.00
117815.00,2019-07-02 21:28:21.815,29.86,635.85,0.00,1.51,0.00,2.00,1.00,240.91,3.14,12.94,57.43,59.86,-96.70,22.74,-0.30,-0.03,17.00,5633.84,-75.00,0.00,0.00
117915.00,2019-07-02 21:28:21.915,29.85,636.79,0.00,1.51,0.00,2.00,1.00,241.27,3.14,12.97,57.43,59.84,-96.70,22.74,-0.32,-0.04,17.00,5633.84,-75.00,0.00,0.00
118015.00,2019-07-02 21:28:22.015,29.84,637.61,0.00,1.51,0.00,2.00,1.00,241.58,3.14,12.79,57.43,59.84,-96.70,22.74,-0.30,-0.03,17.00,5633.84,-75.00,0.00,0.00
118115.00,2019-07-02 21:28:22.115,29.84,638.42,0.00,1.51,0.00,2.00,1.00,241.89,3.14,12.97,57.43,59.84,-95.73,22.69,-0.32,-0.02,17.00,5633.84,-75.00,0.00,0.00
118215.00,2019-07-02 21:28:22.215,29.78,639.24,0.00,1.51,0.00,2.00,1.00,242.20,3.14,12.94,57.43,59.88,-95.73,22.69,-0.32,-0.04,17.00,5633.84,-75.00,0.00,0.00
118315.00,2019-07-02 21:28:22.315,29.79,640.06,0.00,1.51,0.00,2.00,1.00,242.51,3.14,12.82,57.52,59.88,-94.84,22.69,-0.30,-0.06,17.00,5633.84,-75.00,0.00,0.00
118415.00,2019-07-02 21:28:22.415,29.75,640.88,0.00,1.51,0.00,2.00,1.00,242.82,3.14,12.96,57.52,59.88,-94.84,22.69,-0.31,-0.04,17.00,5633.84,-75.00,0.00,0.00
118515.00,2019-07-02 21:28:22.515,29.70,641.70,0.00,1.51,0.00,2.00,1.00,243.13,3.14,12.93,57.42,59.88,-94.84,22.53,-0.31,-0.04,17.00,5633.84,-75.00,0.00,0.00
118615.00,2019-07-02 21:28:22.615,29.74,642.52,0.00,1.51,0.00,2.00,1.00,243.44,3.14,12.81,57.42,59.88,-93.92,22.53,-0.31,-0.04,17.00,5633.84,-75.00,0.00,0.00
118715.00,2019-07-02 21:28:22.715,29.73,643.34,0.00,1.51,0.00,2.00,1.00,243.75,3.14,12.95,57.42,59.98,-93.92,22.53,-0.30,-0.03,17.00,5633.84,-75.00,0.00,0.00
118815.00,2019-07-02 21:28:22.815,29.65,644.16,0.00,1.51,0.00,2.00,1.00,244.06,3.14,12.97,57.36,59.98,-93.92,22.53,-0.34,-0.02,17.00,5633.84,-75.00,0.00,0.00
118915.00,2019-07-02 21:28:22.915,29.64,644.98,0.00,1.51,0.00,2.00,1.00,244.37,3.14,12.95,57.36,59.90,-93.08,22.58,-0.30,-0.03,17.00,5633.84,-75.00,0.00,0.00
119015.00,2019-07-02 21:28:23.015,29.65,645.80,0.00,1.51,0.00,2.00,1.00,244.68,3.14,12.95,57.36,59.90,-93.08,22.58,-0.30,-0.04,17.00,5633.84,-75.00,0.00,0.00
119115.00,2019-07-02 21:28:23.115,29.67,646.62,0.00,1.51,0.00,2.00,1.00,244.99,3.14,12.83,57.36,59.90,-92.17,22.58,-0.31,-0.03,17.00,5633.84,-75.00,0.00,0.00
119215.00,2019-07-02 21:28:23.215,29.62,647.44,0.00,1.51,0.00,2.00,1.00,245.30,3.14,12.96,57.36,59.95,-92.17,22.58,-0.29,-0.01,17.00,5633.84,-75.00,0.00,0.00
119315.00,2019-07-02 21:28:23.315,29.59,648.26,0.00,1.51,0.00,2.00,1.00,245.61,3.14,12.96,57.38,59.95,-92.17,22.53,-0.32,-0.01,17.00,5633.84,-75.00,0.00,0.00
119415.00,2019-07-02 21:28:23.415,29.64,649.08,0.00,1.51,0.00,2.00,1.00,245.93,3.14,12.80,57.38,59.95,-91.38,22.53,-0.30,-0.02,17.00,5633.84,-75.00,0.00,0.00
119515.00,2019-07-02 21:28:23.515,29.56,649.89,0.00,1.51,0.00,2.00,1.00,246.24,3.14,12.97,57.38,59.95,-91.38,22.53,-0.31,-0.05,17.00,5633.84,-75.00,0.00,0.00
119615.00,2019-07-02 21:28:23.615,29.54,650.71,0.00,1.51,0.00,2.00,1.00,246.55,3.14,12.82,57.40,59.95,-90.41,22.53,-0.31,-0.02,17.00,5633.84,-75.00,0.00,0.00
119715.00,2019-07-02 21:28:23.715,29.48,651.53,0.00,1.51,0.00,2.00,1.00,246.86,3.14,12.94,57.40,59.93,-90.41,22.44,-0.30,-0.03,17.00,5633.84,-75.00,0.00,0.00
119815.00,2019-07-02 21:28:23.815,29.50,652.35,0.00,1.51,0.00,2.00,1.00,247.17,3.14,12.97,57.38,59.93,-90.41,22.44,-0.31,-0.04,17.00,5633.84,-75.00,0.00,0.00
119915.00,2019-07-02 21:28:23.915,29.45,653.17,0.00,1.51,0.00,2.00,1.00,247.48,3.14,12.79,57.38,59.88,-89.72,22.44,-0.31,-0.04,17.00,5633.84,-75.00,0.00,0.00
120015.00,2019-07-02 21:28:24.015,29.41,653.99,0.00,1.51,0.00,2.00,1.00,247.79,3.14,12.96,57.38,59.88,-89.72,22.44,-0.31,-0.03,17.00,5633.84,-75.00,0.00,0.00
120115.00,2019-07-02 21:28:24.115,29.39,654.81,0.00,1.51,0.00,2.00,1.00,248.10,3.14,12.95,57.36,59.88,-89.72,22.40,-0.31,-0.05,17.00,5633.84,-75.00,0.00,0.00
120215.00,2019-07-02 21:28:24.215,29.44,655.63,0.00,1.51,0.00,2.00,1.00,248.41,3.14,12.81,57.36,59.95,-88.86,22.40,-0.30,-0.04,17.00,5633.84,-75.00,0.00,0.00
120315.00,2019-07-02 21:28:24.315,29.36,656.45,0.00,1.51,0.00,2.00,1.00,248.72,3.14,12.98,57.29,59.95,-88.86,22.40,-0.32,-0.03,17.00,5633.84,-75.00,0.00,0.00
120415.00,2019-07-02 21:28:24.415,29.37,657.27,0.00,1.51,0.00,2.00,1.00,249.03,3.14,12.93,57.29,60.00,-88.03,22.40,-0.30,-0.03,17.00,5633.84,-75.00,0.00,0.00
120515.00,2019-07-02 21:28:24.515,29.37,658.09,0.00,1.51,0.00,2.00,1.00,249.34,3.14,12.82,57.29,60.00,-88.03,22.35,-0.33,-0.04,17.00,5633.84,-75.00,0.00,0.00
120615.00,2019-07-02 21:28:24.615,29.32,658.91,0.00,1.51,0.00,2.00,1.00,249.65,3.14,12.94,57.32,60.00,-88.03,22.35,-0.31,-0.03,17.00,5633.84,-75.00,0.00,0.00
120715.00,2019-07-02 21:28:24.715,29.32,659.73,0.00,1.51,0.00,2.00,1.00,249.96,3.14,12.98,57.32,59.88,-87.38,22.35,-0.30,-0.01,17.00,5633.84,-75.00,0.00,0.00
120815.00,2019-07-02 21:28:24.815,29.29,660.54,0.00,1.51,0.00,2.00,1.00,250.27,3.14,12.79,57.32,59.88,-87.38,22.35,-0.31,-0.01,17.00,5633.84,-75.00,0.00,0.00
120915.00,2019-07-02 21:28:24.915,29.27,661.36,0.00,1.51,0.00,2.00,1.00,250.58,3.14,12.94,57.25,59.88,-86.65,22.35,-0.30,-0.04,17.00,5633.84,-75.00,0.00,0.00
121015.00,2019-07-02 21:28:25.015,29.26,662.07,0.00,1.51,0.00,2.00,1.00,250.85,3.14,12.83,57.25,59.88,-86.65,22.35,-0.31,-0.03,17.00,5633.84,-75.00,0.00,0.00
121115.00,2019-07-02 21:28:25.115,29.16,662.89,0.00,1.51,0.00,2.00,1.00,251.16,3.14,12.94,57.29,59.88,-86.65,22.35,-0.31,-0.02,17.00,5633.84,-75.00,0.00,0.00
121215.00,2019-07-02 21:28:25.215,29.18,663.70,0.00,1.51,0.00,2.00,1.00,251.47,3.14,12.96,57.29,59.95,-85.89,22.35,-0.31,-0.03,17.00,5633.84,-75.00,0.00,0.00
121315.00,2019-07-02 21:28:25.315,29.20,664.52,0.00,1.51,0.00,2.00,1.00,251.78,3.14,12.81,57.29,59.95,-85.89,22.35,-0.31,-0.05,17.00,5633.84,-75.00,0.00,0.00
121415.00,2019-07-02 21:28:25.415,29.18,665.34,0.00,1.51,0.00,2.00,1.00,252.09,3.14,12.94,57.32,59.95,-85.89,22.35,-0.30,-0.04,17.00,5633.84,-75.00,0.00,0.00
121515.00,2019-07-02 21:28:25.515,29.13,666.16,0.00,1.51,0.00,2.00,1.00,252.40,3.14,12.94,57.32,59.95,-85.18,22.35,-0.32,-0.03,17.00,5633.84,-75.00,0.00,0.00
121615.00,2019-07-02 21:28:25.615,29.12,666.98,0.00,1.51,0.00,2.00,1.00,252.71,3.14,12.93,57.30,59.95,-85.18,22.35,-0.29,-0.04,17.00,5633.84,-75.00,0.00,0.00
121715.00,2019-07-02 21:28:25.715,29.11,667.80,0.00,1.51,0.00,2.00,1.00,253.02,3.14,12.97,57.30,59.91,-84.51,22.29,-0.32,-0.04,17.00,5633.84,-75.00,0.00,0.00
121815.00,2019-07-02 21:28:25.815,29.03,668.62,0.00,1.51,0.00,2.00,1.00,253.33,3.14,12.80,57.30,59.91,-84.51,22.29,-0.31,-0.02,17.00,5633.84,-75.00,0.00,0.00
121915.00,2019-07-02 21:28:25.915,28.97,669.44,0.00,1.51,0.00,2.00,1.00,253.64,3.14,12.97,57.29,59.95,-84.51,22.29,-0.32,-0.03,17.00,5633.84,-75.00,0.00,0.00
122015.00,2019-07-02 21:28:26.015,29.06,670.14,0.00,1.51,0.00,2.00,1.00,253.91,3.14,12.94,57.29,59.95,-83.80,22.29,-0.31,-0.01,17.00,5633.84,-75.00,0.00,0.00
122115.00,2019-07-02 21:28:26.115,29.02,670.96,0.00,1.51,0.00,2.00,1.00,254.22,3.14,12.94,57.29,59.95,-83.80,22.45,-0.32,-0.04,17.00,5633.84,-75.00,0.00,0.00
122215.00,2019-07-02 21:28:26.215,28.99,671.78,0.00,1.51,0.00,2.00,1.00,254.53,3.14,12.95,57.36,59.91,-83.14,22.45,-0.31,-0.03,17.00,5633.84,-75.00,0.00,0.00
122315.00,2019-07-02 21:28:26.315,28.97,672.60,0.00,1.51,0.00,2.00,1.00,254.84,3.14,12.82,57.36,59.91,-83.14,22.45,-0.31,-0.04,17.00,5633.84,-75.00,0.00,0.00
122415.00,2019-07-02 21:28:26.415,29.01,673.42,0.00,1.51,0.00,2.00,1.00,255.15,3.14,12.83,57.29,59.95,-83.14,22.45,-0.33,-0.04,17.00,5633.84,-75.00,0.00,0.00
122515.00,2019-07-02 21:28:26.515,28.96,674.24,0.00,1.51,0.00,2.00,1.00,255.46,3.14,12.94,57.29,59.95,-82.55,22.47,-0.32,-0.03,17.00,5633.84,-75.00,0.00,0.00
122615.00,2019-07-02 21:28:26.615,28.88,675.06,0.00,1.51,0.00,2.00,1.00,255.77,3.14,12.81,57.29,59.95,-82.55,22.47,-0.30,-0.03,17.00,5633.84,-75.00,0.00,0.00
122715.00,2019-07-02 21:28:26.715,28.89,675.76,0.00,1.51,0.00,2.00,1.00,256.04,3.14,12.98,57.31,60.00,-82.55,22.47,-0.31,-0.03,17.00,5633.84,-75.00,0.00,0.00
122815.00,2019-07-02 21:28:26.815,28.84,676.58,0.00,1.51,0.00,2.00,1.00,256.35,3.14,12.81,57.31,60.00,-81.84,22.47,-0.30,-0.03,17.00,5633.84,-75.00,0.00,0.00
122915.00,2019-07-02 21:28:26.915,28.87,677.40,0.00,1.51,0.00,2.00,1.00,256.66,3.14,12.97,57.29,59.98,-81.84,22.55,-0.32,-0.02,17.00,5633.84,-75.00,0.00,0.00
123015.00,2019-07-02 21:28:27.015,28.86,678.22,0.00,1.51,0.00,2.00,1.00,256.97,3.14,12.94,57.29,59.98,-81.16,22.55,-0.30,-0.04,17.00,5633.84,-75.00,0.00,0.00
123115.00,2019-07-02 21:28:27.115,28.83,679.04,0.00,1.51,0.00,2.00,1.00,257.28,3.14,12.93,57.29,59.98,-81.16,22.55,-0.31,-0.04,17.00,5633.84,-75.00,0.00,0.00
123215.00,2019-07-02 21:28:27.215,28.76,679.86,0.00,1.51,0.00,2.00,1.00,257.59,3.14,12.94,57.30,59.97,-81.16,22.55,-0.31,-0.03,17.00,5633.84,-75.00,0.00,0.00
123315.00,2019-07-02 21:28:27.315,28.83,680.56,0.00,1.51,0.00,2.00,1.00,257.85,3.14,12.96,57.30,59.97,-80.55,22.66,-0.29,-0.03,17.00,5633.84,-75.00,0.00,0.00
123415.00,2019-07-02 21:28:27.415,28.78,681.38,0.00,1.51,0.00,2.00,1.00,258.16,3.14,12.97,57.30,59.98,-80.55,22.66,-0.31,-0.04,17.00,5633.84,-75.00,0.00,0.00
123515.00,2019-07-02 21:28:27.515,28.79,682.20,0.00,1.51,0.00,2.00,1.00,258.47,3.14,12.94,57.32,59.98,-80.04,22.66,-0.30,-0.02,17.00,5633.84,-75.00,0.00,0.00
123615.00,2019-07-02 21:28:27.615,28.69,683.02,0.00,1.51,0.00,2.00,1.00,258.78,3.14,12.83,57.32,59.98,-80.04,22.66,-0.33,-0.03,17.00,5633.84,-75.00,0.00,0.00
123715.00,2019-07-02 21:28:27.715,28.74,683.83,0.00,1.51,0.00,2.00,1.00,259.10,3.14,12.95,57.34,60.00,-80.04,22.81,-0.31,-0.04,17.00,5633.84,-75.00,0.00,0.00
123815.00,2019-07-02 21:28:27.815,28.62,684.54,0.00,1.51,0.00,2.00,1.00,259.36,3.14,12.95,57.34,60.00,-79.41,22.81,-0.31,-0.03,17.00,5633.84,-75.00,0.00,0.00
123915.00,2019-07-02 21:28:27.915,28.61,685.36,0.00,1.51,0.00,2.00,1.00,259.67,3.14,12.84,57.34,60.06,-79.41,22.81,-0.32,-0.03,17.00,5633.84,-75.00,0.00,0.00
124015.00,2019-07-02 21:28:28.015,28.62,686.18,0.00,1.51,0.00,2.00,1.00,259.98,3.14,12.94,57.34,60.06,-79.41,22.81,-0.29,-0.02,17.00,5633.84,-75.00,0.00,0.00
124115.00,2019-07-02 21:28:28.115,28.63,686.99,0.00,1.51,0.00,2.00,1.00,260.29,3.14,12.97,57.34,60.06,-78.84,22.92,-0.32,-0.02,17.00,5633.84,-75.00,0.00,0.00
124215.00,2019-07-02 21:28:28.215,28.52,687.81,0.00,1.51,0.00,2.00,1.00,260.60,3.14,12.80,57.34,60.04,-78.84,22.92,-0.31,-0.02,17.00,5633.84,-75.00,0.00,0.00
124315.00,2019-07-02 21:28:28.315,28.60,688.52,0.00,1.51,0.00,2.00,1.00,260.87,3.14,12.98,57.34,60.04,-78.21,22.92,-0.30,-0.02,17.00,5633.84,-75.00,0.00,0.00
124415.00,2019-07-02 21:28:28.415,28.53,689.34,0.00,1.51,0.00,2.00,1.00,261.18,3.14,12.94,57.34,60.00,-78.21,22.92,-0.31,-0.04,17.00,5633.84,-75.00,0.00,0.00
124515.00,2019-07-02 21:28:28.515,28.56,690.15,0.00,1.51,0.00,2.00,1.00,261.49,3.14,12.83,57.30,60.00,-78.21,22.94,-0.30,-0.05,17.00,5633.84,-75.00,0.00,0.00
124615.00,2019-07-02 21:28:28.615,28.49,690.97,0.00,1.51,0.00,2.00,1.00,261.80,3.14,12.96,57.30,60.00,-77.65,22.94,-0.32,-0.04,17.00,5633.84,-75.00,0.00,0.00
124715.00,2019-07-02 21:28:28.715,28.45,691.68,0.00,1.51,0.00,2.00,1.00,262.07,3.14,12.95,57.30,60.09,-77.65,22.94,-0.30,-0.03,17.00,5633.84,-75.00,0.00,0.00
124815.00,2019-07-02 21:28:28.815,28.48,692.49,0.00,1.51,0.00,2.00,1.00,262.38,3.14,12.94,57.29,60.09,-77.65,22.94,-0.30,-0.04,17.00,5633.84,-75.00,0.00,0.00
124915.00,2019-07-02 21:28:28.915,28.44,693.31,0.00,1.51,0.00,2.00,1.00,262.69,3.14,12.98,57.29,60.04,-77.12,22.92,-0.30,-0.03,17.00,5633.84,-75.00,0.00,0.00
125015.00,2019-07-02 21:28:29.015,28.48,694.13,0.00,1.51,0.00,2.00,1.00,263.00,3.14,12.81,57.29,60.04,-77.12,22.92,-0.32,-0.03,17.00,5633.84,-75.00,0.00,0.00
125115.00,2019-07-02 21:28:29.115,28.41,694.84,0.00,1.51,0.00,2.00,1.00,263.26,3.14,12.95,57.29,60.04,-76.51,22.92,-0.31,-0.04,17.00,5633.84,-75.00,0.00,0.00
125215.00,2019-07-02 21:28:29.215,28.41,695.65,0.00,1.51,0.00,2.00,1.00,263.57,3.14,12.97,57.29,60.12,-76.51,22.92,-0.28,-0.04,17.00,5633.84,-75.00,0.00,0.00
125315.00,2019-07-02 21:28:29.315,28.40,696.47,0.00,1.51,0.00,2.00,1.00,263.88,3.14,12.95,57.31,60.12,-76.51,22.88,-0.31,-0.03,17.00,5633.84,-75.00,0.00,0.00
125415.00,2019-07-02 21:28:29.415,28.34,697.18,0.00,1.51,0.00,2.00,1.00,264.15,3.14,12.98,57.31,60.07,-75.95,22.88,-0.33,-0.03,17.00,5633.84,-75.00,0.00,0.00
125515.00,2019-07-02 21:28:29.515,28.37,698.00,0.00,1.51,0.00,2.00,1.00,264.46,3.14,12.97,57.40,60.07,-75.95,22.88,-0.30,-0.04,17.00,5633.84,-75.00,0.00,0.00
125615.00,2019-07-02 21:28:29.615,28.36,698.81,0.00,1.51,0.00,2.00,1.00,264.77,3.14,12.97,57.40,60.07,-75.95,22.88,-0.32,-0.03,17.00,5633.84,-75.00,0.00,0.00
125715.00,2019-07-02 21:28:29.715,28.29,699.63,0.00,1.51,0.00,2.00,1.00,265.08,3.14,12.96,57.40,60.07,-75.52,22.99,-0.30,-0.02,17.00,5633.84,-75.00,0.00,0.00
125815.00,2019-07-02 21:28:29.815,28.22,700.34,0.00,1.51,0.00,2.00,1.00,265.35,3.14,12.83,57.45,60.07,-75.52,22.99,-0.31,-0.03,17.00,5633.84,-75.00,0.00,0.00
125915.00,2019-07-02 21:28:29.915,28.29,701.16,0.00,1.51,0.00,2.00,1.00,265.66,3.14,12.94,57.45,60.06,-75.02,22.99,-0.31,-0.03,17.00,5633.84,-75.00,0.00,0.00
126015.00,2019-07-02 21:28:30.015,28.21,701.97,0.00,1.51,0.00,2.00,1.00,265.97,3.14,12.98,57.45,60.06,-75.02,22.99,-0.32,-0.03,17.00,5633.84,-75.00,0.00,0.00
126115.00,2019-07-02 21:28:30.115,28.16,702.68,0.00,1.51,0.00,2.00,1.00,266.23,3.14,12.80,57.36,60.06,-75.02,23.03,-0.34,-0.03,17.00,5633.84,-75.00,0.00,0.00
126215.00,2019-07-02 21:28:30.215,28.25,703.50,0.00,1.51,0.00,2.00,1.00,266.54,3.14,12.94,57.36,60.09,-74.48,23.03,-0.32,-0.04,17.00,5633.84,-75.00,0.00,0.00
126315.00,2019-07-02 21:28:30.315,28.18,704.32,0.00,1.51,0.00,2.00,1.00,266.86,3.14,12.83,57.38,60.09,-74.48,23.03,-0.34,-0.04,17.00,5633.84,-75.00,0.00,0.00
126415.00,2019-07-02 21:28:30.415,28.15,705.02,0.00,1.51,0.00,2.00,1.00,267.12,3.14,12.82,57.38,60.11,-73.91,23.03,-0.29,-0.03,17.00,5633.84,-75.00,0.00,0.00
126515.00,2019-07-02 21:28:30.515,28.12,705.84,0.00,1.51,0.00,2.00,1.00,267.43,3.14,12.97,57.38,60.11,-73.91,23.09,-0.32,-0.05,17.00,5633.84,-75.00,0.00,0.00
126615.00,2019-07-02 21:28:30.615,28.11,706.66,0.00,1.51,0.00,2.00,1.00,267.74,3.14,12.84,57.41,60.11,-73.91,23.09,-0.31,-0.04,17.00,5633.84,-75.00,0.00,0.00
126715.00,2019-07-02 21:28:30.715,28.09,707.36,0.00,1.51,0.00,2.00,1.00,268.01,3.14,12.96,57.41,60.11,-73.52,23.09,-0.30,-0.03,17.00,5633.84,-75.00,0.00,0.00
126815.00,2019-07-02 21:28:30.815,28.09,708.18,0.00,1.51,0.00,2.00,1.00,268.32,3.14,12.94,57.41,60.11,-73.52,23.09,-0.30,-0.03,17.00,5633.84,-75.00,0.00,0.00
126915.00,2019-07-02 21:28:30.915,28.09,709.00,0.00,1.51,0.00,2.00,1.00,268.63,3.14,12.95,57.41,60.06,-73.52,23.27,-0.30,-0.03,17.00,5633.84,-75.00,0.00,0.00
127015.00,2019-07-02 21:28:31.015,28.00,709.70,0.00,1.51,0.00,2.00,1.00,268.89,3.14,12.96,57.41,60.06,-73.00,23.27,-0.31,-0.02,17.00,5633.84,-75.00,0.00,0.00
127115.00,2019-07-02 21:28:31.115,28.03,710.52,0.00,1.51,0.00,2.00,1.00,269.21,3.14,12.95,57.40,60.06,-73.00,23.27,-0.32,-0.03,17.00,5633.84,-75.00,0.00,0.00
127215.00,2019-07-02 21:28:31.215,28.03,711.34,0.00,1.51,0.00,2.00,1.00,269.52,3.14,12.95,57.40,60.11,-72.59,23.27,-0.35,-0.04,17.00,5633.84,-75.00,0.00,0.00
127315.00,2019-07-02 21:28:31.315,28.01,712.04,0.00,1.51,0.00,2.00,1.00,269.78,3.14,12.98,57.40,60.11,-72.59,23.23,-0.33,-0.03,17.00,5633.84,-75.00,0.00,0.00
127415.00,2019-07-02 21:28:31.415,27.95,712.86,0.00,1.51,0.00,2.00,1.00,270.09,3.14,12.97,57.36,60.11,-72.59,23.23,-0.31,-0.04,17.00,5633.84,-75.00,0.00,0.00
127515.00,2019-07-02 21:28:31.515,27.97,713.56,0.00,1.51,0.00,2.00,1.00,270.36,3.14,12.97,57.36,60.11,-72.09,23.23,-0.31,-0.03,17.00,5633.84,-75.00,0.00,0.00
127615.00,2019-07-02 21:28:31.615,27.93,714.38,0.00,1.51,0.00,2.00,1.00,270.67,3.14,12.94,57.36,60.11,-72.09,23.23,-0.30,-0.03,17.00,5633.84,-75.00,0.00,0.00
127715.00,2019-07-02 21:28:31.715,27.94,715.20,0.00,1.51,0.00,2.00,1.00,270.98,3.14,12.84,57.36,60.09,-71.70,23.23,-0.32,-0.02,17.00,5633.84,-75.00,0.00,0.00
127815.00,2019-07-02 21:28:31.815,27.90,715.90,0.00,1.51,0.00,2.00,1.00,271.25,3.14,12.98,57.36,60.09,-71.70,23.23,-0.30,-0.03,17.00,5633.84,-75.00,0.00,0.00
127915.00,2019-07-02 21:28:31.915,27.89,716.72,0.00,1.51,0.00,2.00,1.00,271.56,3.14,12.80,57.32,60.13,-71.70,23.23,-0.30,-0.03,17.00,5633.84,-75.00,0.00,0.00
128015.00,2019-07-02 21:28:32.015,27.86,717.42,0.00,1.51,0.00,2.00,1.00,271.82,3.14,12.80,57.32,60.13,-71.20,23.23,-0.31,-0.02,17.00,5633.84,-75.00,0.00,0.00
128115.00,2019-07-02 21:28:32.115,27.84,718.24,0.00,1.51,0.00,2.00,1.00,272.13,3.14,12.95,57.36,60.13,-71.20,23.08,-0.30,-0.03,17.00,5633.84,-75.00,0.00,0.00
128215.00,2019-07-02 21:28:32.215,27.77,719.06,0.00,1.51,0.00,2.00,1.00,272.44,3.14,12.83,57.36,60.13,-71.20,23.08,-0.34,-0.04,17.00,5633.84,-75.00,0.00,0.00
128315.00,2019-07-02 21:28:32.315,27.78,719.76,0.00,1.51,0.00,2.00,1.00,272.71,3.14,12.81,57.36,60.13,-70.73,23.08,-0.30,-0.03,17.00,5633.84,-75.00,0.00,0.00
128415.00,2019-07-02 21:28:32.415,27.80,720.58,0.00,1.51,0.00,2.00,1.00,273.02,3.14,12.95,57.42,60.13,-70.73,23.08,-0.32,-0.03,17.00,5633.84,-75.00,0.00,0.00
128515.00,2019-07-02 21:28:32.515,27.69,721.29,0.00,1.51,0.00,2.00,1.00,273.28,3.14,12.94,57.42,60.13,-70.38,23.16,-0.30,-0.04,17.00,5633.84,-75.00,0.00,0.00
128615.00,2019-07-02 21:28:32.615,27.76,722.10,0.00,1.51,0.00,2.00,1.00,273.60,3.14,12.84,57.42,60.13,-70.38,23.16,-0.30,-0.03,17.00,5633.84,-75.00,0.00,0.00
128715.00,2019-07-02 21:28:32.715,27.75,722.81,0.00,1.51,0.00,2.00,1.00,273.86,3.14,12.95,57.36,60.05,-70.38,23.16,-0.32,-0.02,17.00,5633.84,-75.00,0.00,0.00
128815.00,2019-07-02 21:28:32.815,27.70,723.63,0.00,1.51,0.00,2.00,1.00,274.17,3.14,12.97,57.36,60.05,-69.84,23.16,-0.31,-0.04,17.00,5633.84,-75.00,0.00,0.00
128915.00,2019-07-02 21:28:32.915,27.69,724.45,0.00,1.51,0.00,2.00,1.00,274.48,3.14,12.83,57.42,60.09,-69.84,23.18,-0.32,-0.02,17.00,5633.84,-75.00,0.00,0.00
129015.00,2019-07-02 21:28:33.015,27.63,725.15,0.00,1.51,0.00,2.00,1.00,274.75,3.14,12.94,57.42,60.09,-69.45,23.18,-0.30,-0.04,17.00,5633.84,-75.00,0.00,0.00
129115.00,2019-07-02 21:28:33.115,27.67,725.97,0.00,1.51,0.00,2.00,1.00,275.06,3.14,12.79,57.42,60.09,-69.45,23.18,-0.30,-0.04,17.00,5633.84,-75.00,0.00,0.00
129215.00,2019-07-02 21:28:33.215,27.56,726.67,0.00,1.51,0.00,2.00,1.00,275.32,3.14,12.98,57.45,60.09,-69.45,23.18,-0.30,-0.03,17.00,5633.84,-75.00,0.00,0.00
129315.00,2019-07-02 21:28:33.315,27.54,727.49,0.00,1.51,0.00,2.00,1.00,275.64,3.14,12.95,57.45,60.09,-69.22,23.27,-0.26,-0.03,17.00,5633.84,-75.00,0.00,0.00
129415.00,2019-07-02 21:28:33.415,27.61,728.19,0.00,1.51,0.00,2.00,1.00,275.90,3.14,12.96,57.42,60.13,-69.22,23.27,-0.26,-0.05,17.00,5633.84,-75.00,0.00,0.00
129515.00,2019-07-02 21:28:33.515,27.53,729.01,0.00,1.51,0.00,2.00,1.00,276.21,3.14,12.95,57.42,60.13,-69.22,23.27,-0.28,-0.03,17.00,5633.84,-75.00,0.00,0.00
129615.00,2019-07-02 21:28:33.615,27.51,729.71,0.00,1.51,0.00,2.00,1.00,276.48,3.14,12.81,57.42,60.13,-68.77,23.27,-0.31,-0.04,17.00,5633.84,-75.00,0.00,0.00
129715.00,2019-07-02 21:28:33.715,27.52,730.53,0.00,1.51,0.00,2.00,1.00,276.79,3.14,12.98,57.34,60.11,-68.77,23.30,-0.29,-0.04,17.00,5633.84,-75.00,0.00,0.00
129815.00,2019-07-02 21:28:33.815,27.42,731.23,0.00,1.51,0.00,2.00,1.00,277.05,3.14,12.95,57.34,60.11,-68.30,23.30,-0.28,-0.04,17.00,5633.84,-75.00,0.00,0.00
129915.00,2019-07-02 21:28:33.915,27.48,732.05,0.00,1.51,0.00,2.00,1.00,277.36,3.14,12.84,57.41,60.13,-68.30,23.30,-0.29,-0.02,17.00,5633.84,-75.00,0.00,0.00
130015.00,2019-07-02 21:28:34.015,27.50,732.75,0.00,1.51,0.00,2.00,1.00,277.63,3.14,12.94,57.41,60.13,-68.30,23.30,-0.28,-0.02,17.00,5633.84,-75.00,0.00,0.00
130115.00,2019-07-02 21:28:34.115,27.44,733.57,0.00,1.51,0.00,2.00,1.00,277.94,3.14,12.98,57.41,60.13,-67.98,23.32,-0.29,-0.03,17.00,5633.84,-75.00,0.00,0.00
130215.00,2019-07-02 21:28:34.215,27.45,734.28,0.00,1.51,0.00,2.00,1.00,278.21,3.14,12.98,57.43,60.19,-67.98,23.32,-0.28,-0.02,17.00,5633.84,-75.00,0.00,0.00
130315.00,2019-07-02 21:28:34.315,27.44,735.10,0.00,1.51,0.00,2.00,1.00,278.52,3.14,12.97,57.43,60.19,-67.50,23.32,-0.28,-0.03,17.00,5633.84,-75.00,0.00,0.00
130415.00,2019-07-02 21:28:34.415,27.35,735.80,0.00,1.51,0.00,2.00,1.00,278.78,3.14,12.83,57.43,60.16,-67.50,23.32,-0.28,-0.05,17.00,5633.84,-75.00,0.00,0.00
130515.00,2019-07-02 21:28:34.515,27.34,736.62,0.00,1.51,0.00,2.00,1.00,279.09,3.14,12.95,57.42,60.16,-67.50,23.84,-0.28,-0.03,17.00,5633.84,-75.00,0.00,0.00
130615.00,2019-07-02 21:28:34.615,27.36,737.32,0.00,1.51,0.00,2.00,1.00,279.36,3.14,12.98,57.42,60.16,-67.20,23.84,-0.28,-0.04,17.00,5633.84,-75.00,0.00,0.00
130715.00,2019-07-02 21:28:34.715,27.27,738.14,0.00,1.51,0.00,2.00,1.00,279.67,3.14,12.82,57.45,60.19,-67.20,23.84,-0.28,-0.04,17.00,5633.84,-75.00,0.00,0.00
130815.00,2019-07-02 21:28:34.815,27.32,738.84,0.00,1.51,0.00,2.00,1.00,279.94,3.14,12.98,57.45,60.19,-67.20,23.84,-0.28,-0.03,17.00,5633.84,-75.00,0.00,0.00
130915.00,2019-07-02 21:28:34.915,27.28,739.66,0.00,1.51,0.00,2.00,1.00,280.25,3.14,12.94,57.45,60.12,-66.86,23.67,-0.28,-0.03,17.00,5633.84,-75.00,0.00,0.00
131015.00,2019-07-02 21:28:35.015,27.32,740.36,0.00,1.51,0.00,2.00,1.00,280.51,3.14,12.96,57.38,60.12,-66.86,23.67,-0.27,-0.04,17.00,5633.84,-75.00,0.00,0.00
131115.00,2019-07-02 21:28:35.115,27.25,741.18,0.00,1.51,0.00,2.00,1.00,280.82,3.14,12.99,57.38,60.12,-66.43,23.67,-0.28,-0.01,17.00,5633.84,-75.00,0.00,0.00
131215.00,2019-07-02 21:28:35.215,27.24,741.88,0.00,1.51,0.00,2.00,1.00,281.09,3.14,12.80,57.41,60.18,-66.43,23.67,-0.26,-0.03,17.00,5633.84,-75.00,0.00,0.00
131315.00,2019-07-02 21:28:35.315,27.23,742.59,0.00,1.51,0.00,2.00,1.00,281.36,3.14,12.98,57.41,60.18,-66.43,23.63,-0.30,-0.03,17.00,5633.84,-75.00,0.00,0.00
131415.00,2019-07-02 21:28:35.415,27.18,743.41,0.00,1.51,0.00,2.00,1.00,281.67,3.14,12.95,57.41,60.16,-66.13,23.63,-0.28,-0.05,17.00,5633.84,-75.00,0.00,0.00
131515.00,2019-07-02 21:28:35.515,27.19,744.11,0.00,1.51,0.00,2.00,1.00,281.93,3.14,12.97,57.38,60.16,-66.13,23.63,-0.29,-0.04,17.00,5633.84,-75.00,0.00,0.00
131615.00,2019-07-02 21:28:35.615,27.13,744.93,0.00,1.51,0.00,2.00,1.00,282.24,3.14,12.98,57.38,60.16,-65.77,23.63,-0.31,-0.02,17.00,5633.84,-75.00,0.00,0.00
131715.00,2019-07-02 21:28:35.715,27.17,745.63,0.00,1.51,0.00,2.00,1.00,282.51,3.14,12.81,57.38,60.18,-65.77,23.56,-0.27,-0.03,17.00,5633.84,-75.00,0.00,0.00
131815.00,2019-07-02 21:28:35.815,27.14,746.45,0.00,1.51,0.00,2.00,1.00,282.82,3.14,12.98,57.41,60.18,-65.77,23.56,-0.28,-0.04,17.00,5633.84,-75.00,0.00,0.00
131915.00,2019-07-02 21:28:35.915,27.06,747.15,0.00,1.51,0.00,2.00,1.00,283.08,3.14,12.95,57.41,60.13,-65.44,23.56,-0.28,-0.03,17.00,5633.84,-75.00,0.00,0.00
132015.00,2019-07-02 21:28:36.015,27.09,747.85,0.00,1.51,0.00,2.00,1.00,283.35,3.14,12.84,57.41,60.13,-65.44,23.56,-0.31,-0.04,17.00,5633.84,-75.00,0.00,0.00
132115.00,2019-07-02 21:28:36.115,26.99,748.67,0.00,1.51,0.00,2.00,1.00,283.66,3.14,12.97,57.41,60.13,-65.44,23.56,-0.28,-0.03,17.00,5633.84,-75.00,0.00,0.00
132215.00,2019-07-02 21:28:36.215,27.03,749.26,0.00,1.51,0.00,2.00,1.00,283.88,3.14,12.96,57.41,60.11,-65.01,23.56,-0.29,-0.05,17.00,5633.84,-75.00,0.00,0.00
132315.00,2019-07-02 21:28:36.315,27.06,750.08,0.00,1.51,0.00,2.00,1.00,284.19,3.14,12.82,57.52,60.11,-65.01,23.56,-0.31,-0.03,17.00,5633.84,-75.00,0.00,0.00
132415.00,2019-07-02 21:28:36.415,27.01,750.66,0.00,1.51,0.00,2.00,1.00,284.41,3.14,12.97,57.52,60.12,-64.70,23.56,-0.27,-0.03,17.00,5633.84,-75.00,0.00,0.00
132515.00,2019-07-02 21:28:36.515,26.97,751.36,0.00,1.51,0.00,2.00,1.00,284.68,3.14,12.98,57.43,60.12,-64.70,23.52,-0.30,-0.03,17.00,5633.84,-75.00,0.00,0.00
132615.00,2019-07-02 21:28:36.615,26.90,752.18,0.00,1.51,0.00,2.00,1.00,284.99,3.14,12.81,57.43,60.12,-64.70,23.52,-0.29,-0.02,17.00,5633.84,-75.00,0.00,0.00
132715.00,2019-07-02 21:28:36.715,26.88,752.88,0.00,1.51,0.00,2.00,1.00,285.26,3.14,12.94,57.43,60.16,-64.33,23.52,-0.27,-0.05,17.00,5633.84,-75.00,0.00,0.00
132815.00,2019-07-02 21:28:36.815,26.87,753.70,0.00,1.51,0.00,2.00,1.00,285.57,3.14,12.95,57.38,60.16,-64.33,23.52,-0.31,-0.04,17.00,5633.84,-75.00,0.00,0.00
132915.00,2019-07-02 21:28:36.915,26.83,754.41,0.00,1.51,0.00,2.00,1.00,285.83,3.14,12.84,57.38,60.18,-64.07,23.37,-0.28,-0.05,17.00,5633.84,-75.00,0.00,0.00
133015.00,2019-07-02 21:28:37.015,26.84,755.11,0.00,1.51,0.00,2.00,1.00,286.10,3.14,12.97,57.38,60.18,-64.07,23.37,-0.30,-0.03,17.00,5633.84,-75.00,0.00,0.00
133115.00,2019-07-02 21:28:37.115,28.18,755.93,0.00,1.51,0.00,2.00,1.00,286.41,3.14,12.80,57.38,60.18,-64.07,23.37,-0.28,-0.02,17.00,5633.84,-75.00,0.00,0.00
133215.00,2019-07-02 21:28:37.215,27.69,756.63,0.00,1.51,0.00,2.00,1.00,286.68,3.14,12.99,57.38,60.12,-63.77,23.37,-0.33,-0.05,17.00,5633.84,-75.00,0.00,0.00
133315.00,2019-07-02 21:28:37.315,27.28,757.33,0.00,1.51,0.00,2.00,1.00,286.94,3.14,12.95,57.47,60.12,-63.77,23.30,-0.29,-0.02,17.00,5633.84,-75.00,0.00,0.00
133415.00,2019-07-02 21:28:37.415,27.05,758.15,0.00,1.51,0.00,2.00,1.00,287.25,3.14,12.95,57.47,60.16,-63.77,23.30,-0.28,-0.04,17.00,5633.84,-75.00,0.00,0.00
133515.00,2019-07-02 21:28:37.515,26.98,758.85,0.00,1.51,0.00,2.00,1.00,287.52,3.14,12.98,57.47,60.16,-63.49,23.30,-0.29,-0.03,17.00,5633.84,-75.00,0.00,0.00
133615.00,2019-07-02 21:28:37.615,26.85,759.56,0.00,1.51,0.00,2.00,1.00,287.78,3.14,12.83,57.45,60.16,-63.49,23.30,-0.27,-0.04,17.00,5633.84,-75.00,0.00,0.00
133715.00,2019-07-02 21:28:37.715,26.83,760.38,0.00,1.51,0.00,2.00,1.00,288.10,3.14,12.98,57.45,60.14,-63.18,23.26,-0.30,-0.04,17.00,5633.84,-75.00,0.00,0.00
133815.00,2019-07-02 21:28:37.815,26.75,761.08,0.00,1.51,0.00,2.00,1.00,288.36,3.14,12.95,57.43,60.14,-63.18,23.26,-0.28,-0.02,17.00,5633.84,-75.00,0.00,0.00
133915.00,2019-07-02 21:28:37.915,26.68,761.78,0.00,1.51,0.00,2.00,1.00,288.63,3.14,12.97,57.43,60.13,-63.18,23.26,-0.30,-0.01,17.00,5633.84,-75.00,0.00,0.00
134015.00,2019-07-02 21:28:38.015,26.75,762.60,0.00,1.51,0.00,2.00,1.00,288.94,3.14,12.98,57.43,60.13,-62.87,23.26,-0.29,-0.03,17.00,5633.84,-75.00,0.00,0.00
134115.00,2019-07-02 21:28:38.115,26.72,763.30,0.00,1.51,0.00,2.00,1.00,289.20,3.14,12.81,57.43,60.13,-62.87,23.21,-0.27,-0.02,17.00,5633.84,-75.00,0.00,0.00
134215.00,2019-07-02 21:28:38.215,26.69,764.00,0.00,1.51,0.00,2.00,1.00,289.47,3.14,12.97,57.43,60.13,-62.59,23.21,-0.30,-0.02,17.00,5633.84,-75.00,0.00,0.00
134315.00,2019-07-02 21:28:38.315,26.65,764.82,0.00,1.51,0.00,2.00,1.00,289.78,3.14,12.81,57.43,60.13,-62.59,23.21,-0.28,-0.03,17.00,5633.84,-75.00,0.00,0.00
134415.00,2019-07-02 21:28:38.415,26.65,765.52,0.00,1.51,0.00,2.00,1.00,290.05,3.14,12.98,57.47,60.16,-62.59,23.21,-0.28,-0.01,17.00,5633.84,-75.00,0.00,0.00
134515.00,2019-07-02 21:28:38.515,26.66,766.23,0.00,1.51,0.00,2.00,1.00,290.31,3.14,12.84,57.47,60.16,-62.18,23.21,-0.31,-0.03,17.00,5633.84,-75.00,0.00,0.00
134615.00,2019-07-02 21:28:38.615,26.63,767.05,0.00,1.51,0.00,2.00,1.00,290.62,3.14,12.96,57.45,60.16,-62.18,23.21,-0.28,-0.03,17.00,5633.84,-75.00,0.00,0.00
134715.00,2019-07-02 21:28:38.715,26.53,767.75,0.00,1.51,0.00,2.00,1.00,290.89,3.14,12.99,57.45,60.16,-62.18,23.21,-0.29,-0.03,17.00,5633.84,-75.00,0.00,0.00
134815.00,2019-07-02 21:28:38.815,26.56,768.45,0.00,1.51,0.00,2.00,1.00,291.15,3.14,12.80,57.45,60.16,-61.88,23.21,-0.26,-0.04,17.00,5633.84,-75.00,0.00,0.00
134915.00,2019-07-02 21:28:38.915,26.58,769.27,0.00,1.51,0.00,2.00,1.00,291.47,3.14,12.98,57.50,60.23,-61.88,23.23,-0.30,-0.04,17.00,5633.84,-75.00,0.00,0.00
135015.00,2019-07-02 21:28:39.015,26.49,769.97,0.00,1.51,0.00,2.00,1.00,291.73,3.14,12.95,57.50,60.23,-61.65,23.23,-0.28,-0.03,17.00,5633.84,-75.00,0.00,0.00
135115.00,2019-07-02 21:28:39.115,26.54,770.67,0.00,1.51,0.00,2.00,1.00,292.00,3.14,12.85,57.52,60.23,-61.65,23.23,-0.28,-0.02,17.00,5633.84,-75.00,0.00,0.00
135215.00,2019-07-02 21:28:39.215,26.48,771.38,0.00,1.51,0.00,2.00,1.00,292.26,3.14,12.98,57.52,60.11,-61.65,23.23,-0.29,-0.02,17.00,5633.84,-75.00,0.00,0.00
135315.00,2019-07-02 21:28:39.315,26.42,772.20,0.00,1.51,0.00,2.00,1.00,292.57,3.14,12.81,57.52,60.11,-61.38,23.18,-0.29,-0.03,17.00,5633.84,-75.00,0.00,0.00
135415.00,2019-07-02 21:28:39.415,26.50,772.90,0.00,1.51,0.00,2.00,1.00,292.84,3.14,12.82,57.47,60.16,-61.38,23.18,-0.29,-0.04,17.00,5633.84,-75.00,0.00,0.00
135515.00,2019-07-02 21:28:39.515,26.44,773.60,0.00,1.51,0.00,2.00,1.00,293.11,3.14,12.95,57.47,60.16,-61.16,23.18,-0.29,-0.03,17.00,5633.84,-75.00,0.00,0.00
135615.00,2019-07-02 21:28:39.615,26.40,774.30,0.00,1.51,0.00,2.00,1.00,293.37,3.14,12.83,57.47,60.16,-61.16,23.18,-0.27,-0.03,17.00,5633.84,-75.00,0.00,0.00
135715.00,2019-07-02 21:28:39.715,26.37,775.12,0.00,1.51,0.00,2.00,1.00,293.68,3.14,12.97,57.48,60.18,-61.16,23.25,-0.28,-0.03,17.00,5633.84,-75.00,0.00,0.00
135815.00,2019-07-02 21:28:39.815,26.36,775.82,0.00,1.51,0.00,2.00,1.00,293.95,3.14,12.97,57.48,60.18,-60.83,23.25,-0.28,-0.02,17.00,5633.84,-75.00,0.00,0.00
135915.00,2019-07-02 21:28:39.915,26.35,776.53,0.00,1.51,0.00,2.00,1.00,294.21,3.14,12.85,57.45,60.09,-60.83,23.25,-0.29,-0.04,17.00,5633.84,-75.00,0.00,0.00
136015.00,2019-07-02 21:28:40.015,26.34,777.23,0.00,1.51,0.00,2.00,1.00,294.48,3.14,12.94,57.45,60.09,-60.83,23.25,-0.27,-0.05,17.00,5633.84,-75.00,0.00,0.00
136115.00,2019-07-02 21:28:40.115,26.34,778.05,0.00,1.51,0.00,2.00,1.00,294.79,3.14,12.98,57.45,60.09,-60.58,23.44,-0.30,-0.03,17.00,5633.84,-75.00,0.00,0.00
136215.00,2019-07-02 21:28:40.215,26.36,778.75,0.00,1.51,0.00,2.00,1.00,295.06,3.14,12.82,57.45,60.07,-60.58,23.44,-0.28,-0.02,17.00,5633.84,-75.00,0.00,0.00
136315.00,2019-07-02 21:28:40.315,26.28,779.45,0.00,1.51,0.00,2.00,1.00,295.32,3.14,12.94,57.45,60.07,-60.23,23.44,-0.29,-0.04,17.00,5633.84,-75.00,0.00,0.00
136415.00,2019-07-02 21:28:40.415,26.18,780.15,0.00,1.51,0.00,2.00,1.00,295.59,3.14,12.95,57.48,60.13,-60.23,23.44,-0.28,-0.02,17.00,5633.84,-75.00,0.00,0.00
136515.00,2019-07-02 21:28:40.515,26.24,780.97,0.00,1.51,0.00,2.00,1.00,295.90,3.14,12.96,57.48,60.13,-60.23,23.70,-0.29,-0.04,17.00,5633.84,-75.00,0.00,0.00
136615.00,2019-07-02 21:28:40.615,26.26,781.68,0.00,1.51,0.00,2.00,1.00,296.17,3.14,12.97,57.48,60.13,-59.97,23.70,-0.29,-0.04,17.00,5633.84,-75.00,0.00,0.00
136715.00,2019-07-02 21:28:40.715,26.22,782.38,0.00,1.51,0.00,2.00,1.00,296.43,3.14,12.96,57.52,60.11,-59.97,23.70,-0.28,-0.03,17.00,5633.84,-75.00,0.00,0.00
136815.00,2019-07-02 21:28:40.815,26.17,783.08,0.00,1.51,0.00,2.00,1.00,296.70,3.14,12.95,57.52,60.11,-59.78,23.70,-0.28,-0.02,17.00,5633.84,-75.00,0.00,0.00
136915.00,2019-07-02 21:28:40.915,26.22,783.78,0.00,1.51,0.00,2.00,1.00,296.96,3.14,12.99,57.52,60.19,-59.78,23.96,-0.29,-0.02,17.00,5633.84,-75.00,0.00,0.00
137015.00,2019-07-02 21:28:41.015,26.16,784.60,0.00,1.51,0.00,2.00,1.00,297.27,3.14,12.81,57.49,60.19,-59.78,23.96,-0.28,-0.02,17.00,5633.84,-75.00,0.00,0.00
137115.00,2019-07-02 21:28:41.115,26.18,785.30,0.00,1.51,0.00,2.00,1.00,297.54,3.14,12.82,57.49,60.19,-59.52,23.96,-0.30,-0.02,17.00,5633.84,-75.00,0.00,0.00
137215.00,2019-07-02 21:28:41.215,26.15,786.01,0.00,1.51,0.00,2.00,1.00,297.81,3.14,12.97,57.52,60.11,-59.52,23.96,-0.27,-0.03,17.00,5633.84,-75.00,0.00,0.00
137315.00,2019-07-02 21:28:41.315,26.13,786.71,0.00,1.51,0.00,2.00,1.00,298.07,3.14,12.99,57.52,60.11,-59.52,24.09,-0.30,-0.03,17.00,5633.84,-75.00,0.00,0.00
137415.00,2019-07-02 21:28:41.415,26.12,787.41,0.00,1.51,0.00,2.00,1.00,298.34,3.14,12.81,57.52,60.19,-59.26,24.09,-0.28,-0.02,17.00,5633.84,-75.00,0.00,0.00
137515.00,2019-07-02 21:28:41.515,26.09,788.23,0.00,1.51,0.00,2.00,1.00,298.65,3.14,12.95,57.45,60.19,-59.26,24.09,-0.28,-0.03,17.00,5633.84,-75.00,0.00,0.00
137615.00,2019-07-02 21:28:41.615,26.00,788.93,0.00,1.51,0.00,2.00,1.00,298.91,3.14,12.96,57.45,60.19,-59.01,24.09,-0.29,-0.04,17.00,5633.84,-75.00,0.00,0.00
137715.00,2019-07-02 21:28:41.715,26.02,789.63,0.00,1.51,0.00,2.00,1.00,299.18,3.14,12.96,57.57,60.20,-59.01,23.96,-0.28,-0.04,17.00,5633.84,-75.00,0.00,0.00
137815.00,2019-07-02 21:28:41.815,26.05,790.34,0.00,1.51,0.00,2.00,1.00,299.45,3.14,12.97,57.57,60.20,-59.01,23.96,-0.29,-0.03,17.00,5633.84,-75.00,0.00,0.00
137915.00,2019-07-02 21:28:41.915,26.06,791.04,0.00,1.51,0.00,2.00,1.00,299.71,3.14,12.96,57.57,60.14,-58.79,23.96,-0.28,-0.03,17.00,5633.84,-75.00,0.00,0.00
138015.00,2019-07-02 21:28:42.015,25.98,791.74,0.00,1.51,0.00,2.00,1.00,299.98,3.14,12.85,57.54,60.14,-58.79,23.96,-0.30,-0.03,17.00,5633.84,-75.00,0.00,0.00
138115.00,2019-07-02 21:28:42.115,25.94,792.56,0.00,1.51,0.00,2.00,1.00,300.29,3.14,12.95,57.54,60.14,-58.49,23.91,-0.29,-0.02,17.00,5633.84,-75.00,0.00,0.00
138215.00,2019-07-02 21:28:42.215,25.98,793.26,0.00,1.51,0.00,2.00,1.00,300.56,3.14,12.82,57.54,60.14,-58.49,23.91,-0.28,-0.03,17.00,5633.84,-75.00,0.00,0.00
138315.00,2019-07-02 21:28:42.315,25.94,793.96,0.00,1.51,0.00,2.00,1.00,300.82,3.14,12.96,57.47,60.14,-58.49,23.91,-0.29,-0.04,17.00,5633.84,-75.00,0.00,0.00
138415.00,2019-07-02 21:28:42.415,25.88,794.67,0.00,1.51,0.00,2.00,1.00,301.09,3.14,12.97,57.47,60.13,-58.27,23.91,-0.27,-0.03,17.00,5633.84,-75.00,0.00,0.00
138515.00,2019-07-02 21:28:42.515,25.84,795.37,0.00,1.51,0.00,2.00,1.00,301.35,3.14,12.84,57.48,60.13,-58.27,23.88,-0.31,-0.02,17.00,5633.84,-75.00,0.00,0.00
138615.00,2019-07-02 21:28:42.615,25.92,796.07,0.00,1.51,0.00,2.00,1.00,301.62,3.14,12.99,57.48,60.13,-58.27,23.88,-0.30,-0.03,17.00,5633.84,-75.00,0.00,0.00
138715.00,2019-07-02 21:28:42.715,25.89,796.77,0.00,1.51,0.00,2.00,1.00,301.89,3.14,12.83,57.48,60.16,-58.04,23.88,-0.28,-0.04,17.00,5633.84,-75.00,0.00,0.00
138815.00,2019-07-02 21:28:42.815,25.87,797.48,0.00,1.51,0.00,2.00,1.00,302.15,3.14,12.99,57.54,60.16,-58.04,23.88,-0.27,-0.03,17.00,5633.84,-75.00,0.00,0.00
138915.00,2019-07-02 21:28:42.915,25.85,798.29,0.00,1.51,0.00,2.00,1.00,302.46,3.14,12.95,57.54,60.14,-57.84,23.85,-0.28,-0.03,17.00,5633.84,-75.00,0.00,0.00
139015.00,2019-07-02 21:28:43.015,25.77,799.00,0.00,1.51,0.00,2.00,1.00,302.73,3.14,12.85,57.45,60.14,-57.84,23.85,-0.29,-0.03,17.00,5633.84,-75.00,0.00,0.00
139115.00,2019-07-02 21:28:43.115,25.78,799.70,0.00,1.51,0.00,2.00,1.00,302.99,3.14,12.95,57.45,60.14,-57.84,23.85,-0.30,-0.03,17.00,5633.84,-75.00,0.00,0.00
139215.00,2019-07-02 21:28:43.215,25.80,800.40,0.00,1.51,0.00,2.00,1.00,303.26,3.14,12.99,57.45,60.16,-57.52,23.85,-0.28,-0.03,17.00,5633.84,-75.00,0.00,0.00
139315.00,2019-07-02 21:28:43.315,25.69,801.10,0.00,1.51,0.00,2.00,1.00,303.53,3.14,12.80,57.49,60.16,-57.52,23.91,-0.30,-0.02,17.00,5633.84,-75.00,0.00,0.00
139415.00,2019-07-02 21:28:43.415,25.72,801.81,0.00,1.51,0.00,2.00,1.00,303.79,3.14,12.98,57.49,60.13,-57.37,23.91,-0.28,-0.04,17.00,5633.84,-75.00,0.00,0.00
139515.00,2019-07-02 21:28:43.515,25.77,802.51,0.00,1.51,0.00,2.00,1.00,304.06,3.14,12.84,57.49,60.13,-57.37,23.91,-0.29,-0.04,17.00,5633.84,-75.00,0.00,0.00
139615.00,2019-07-02 21:28:43.615,25.69,803.21,0.00,1.51,0.00,2.00,1.00,304.32,3.14,12.97,57.57,60.13,-57.37,23.91,-0.29,-0.03,17.00,5633.84,-75.00,0.00,0.00
139715.00,2019-07-02 21:28:43.715,25.62,803.91,0.00,1.51,0.00,2.00,1.00,304.59,3.14,12.96,57.57,60.14,-57.16,23.96,-0.30,-0.03,17.00,5633.84,-75.00,0.00,0.00
139815.00,2019-07-02 21:28:43.815,25.69,804.61,0.00,1.51,0.00,2.00,1.00,304.86,3.14,12.82,57.47,60.14,-57.16,23.96,-0.29,-0.03,17.00,5633.84,-75.00,0.00,0.00
139915.00,2019-07-02 21:28:43.915,25.62,805.43,0.00,1.51,0.00,2.00,1.00,305.17,3.14,12.97,57.47,60.16,-57.16,23.96,-0.29,-0.03,17.00,5633.84,-75.00,0.00,0.00
140015.00,2019-07-02 21:28:44.015,25.65,806.14,0.00,1.51,0.00,2.00,1.00,305.43,3.14,12.98,57.47,60.16,-56.95,23.96,-0.29,-0.03,17.00,5633.84,-75.00,0.00,0.00
140115.00,2019-07-02 21:28:44.115,25.62,806.84,0.00,1.51,0.00,2.00,1.00,305.70,3.14,12.96,57.45,60.16,-56.95,24.06,-0.28,-0.03,17.00,5633.84,-75.00,0.00,0.00
140215.00,2019-07-02 21:28:44.215,25.60,807.54,0.00,1.51,0.00,2.00,1.00,305.97,3.14,12.97,57.45,60.09,-56.70,24.06,-0.30,-0.02,17.00,5633.84,-75.00,0.00,0.00
140315.00,2019-07-02 21:28:44.315,25.56,808.24,0.00,1.51,0.00,2.00,1.00,306.23,3.14,12.96,57.55,60.09,-56.70,24.06,-0.29,-0.04,17.00,5633.84,-75.00,0.00,0.00
140415.00,2019-07-02 21:28:44.415,25.56,808.94,0.00,1.51,0.00,2.00,1.00,306.50,3.14,12.95,57.55,60.21,-56.70,24.06,-0.30,-0.03,17.00,5633.84,-75.00,0.00,0.00
140515.00,2019-07-02 21:28:44.515,25.57,809.65,0.00,1.51,0.00,2.00,1.00,306.76,3.14,12.99,57.55,60.21,-56.44,24.09,-0.29,-0.03,17.00,5633.84,-75.00,0.00,0.00
140615.00,2019-07-02 21:28:44.615,25.57,810.35,0.00,1.51,0.00,2.00,1.00,307.03,3.14,12.99,57.49,60.21,-56.44,24.09,-0.27,-0.02,17.00,5633.84,-75.00,0.00,0.00
140715.00,2019-07-02 21:28:44.715,25.46,811.05,0.00,1.51,0.00,2.00,1.00,307.30,3.14,12.98,57.49,60.23,-56.28,24.09,-0.30,-0.02,17.00,5633.84,-75.00,0.00,0.00
140815.00,2019-07-02 21:28:44.815,25.48,811.75,0.00,1.51,0.00,2.00,1.00,307.56,3.14,12.97,57.49,60.23,-56.28,24.09,-0.27,-0.03,17.00,5633.84,-75.00,0.00,0.00
140915.00,2019-07-02 21:28:44.915,25.51,812.46,0.00,1.51,0.00,2.00,1.00,307.83,3.14,12.99,57.48,60.19,-56.28,24.42,-0.28,-0.02,17.00,5633.84,-75.00,0.00,0.00
141015.00,2019-07-02 21:28:45.015,25.42,813.16,0.00,1.51,0.00,2.00,1.00,308.09,3.14,12.81,57.48,60.19,-56.17,24.42,-0.30,-0.03,17.00,5633.84,-75.00,0.00,0.00
141115.00,2019-07-02 21:28:45.115,25.47,813.86,0.00,1.51,0.00,2.00,1.00,308.36,3.14,12.95,57.50,60.19,-56.17,24.42,-0.28,-0.03,17.00,5633.84,-75.00,0.00,0.00
141215.00,2019-07-02 21:28:45.215,25.40,814.56,0.00,1.51,0.00,2.00,1.00,308.63,3.14,12.96,57.50,60.11,-56.17,24.42,-0.29,-0.03,17.00,5633.84,-75.00,0.00,0.00
141315.00,2019-07-02 21:28:45.315,25.35,815.26,0.00,1.51,0.00,2.00,1.00,308.89,3.14,12.84,57.50,60.11,-55.99,24.38,-0.28,-0.03,17.00,5633.84,-75.00,0.00,0.00
141415.00,2019-07-02 21:28:45.415,25.42,815.97,0.00,1.51,0.00,2.00,1.00,309.16,3.14,12.99,57.55,60.13,-55.99,24.38,-0.29,-0.02,17.00,5633.84,-75.00,0.00,0.00
141515.00,2019-07-02 21:28:45.515,25.39,816.67,0.00,1.51,0.00,2.00,1.00,309.42,3.14,12.81,57.55,60.13,-55.71,24.38,-0.28,-0.02,17.00,5633.84,-75.00,0.00,0.00
141615.00,2019-07-02 21:28:45.615,25.35,817.37,0.00,1.51,0.00,2.00,1.00,309.69,3.14,12.95,57.59,60.13,-55.71,24.38,-0.29,-0.03,17.00,5633.84,-75.00,0.00,0.00
141715.00,2019-07-02 21:28:45.715,25.33,818.07,0.00,1.51,0.00,2.00,1.00,309.96,3.14,12.83,57.59,60.13,-55.71,24.55,-0.31,-0.03,17.00,5633.84,-75.00,0.00,0.00
141815.00,2019-07-02 21:28:45.815,25.31,818.78,0.00,1.51,0.00,2.00,1.00,310.22,3.14,12.97,57.59,60.13,-55.57,24.55,-0.28,-0.02,17.00,5633.84,-75.00,0.00,0.00
141915.00,2019-07-02 21:28:45.915,25.31,819.48,0.00,1.51,0.00,2.00,1.00,310.49,3.14,12.99,57.50,60.16,-55.57,24.55,-0.30,-0.02,17.00,5633.84,-75.00,0.00,0.00
142015.00,2019-07-02 21:28:46.015,25.31,820.18,0.00,1.51,0.00,2.00,1.00,310.75,3.14,12.81,57.50,60.16,-55.41,24.55,-0.29,-0.03,17.00,5633.84,-75.00,0.00,0.00
142115.00,2019-07-02 21:28:46.115,25.32,820.88,0.00,1.51,0.00,2.00,1.00,311.02,3.14,12.99,57.50,60.16,-55.41,24.84,-0.29,-0.03,17.00,5633.84,-75.00,0.00,0.00
142215.00,2019-07-02 21:28:46.215,25.21,821.58,0.00,1.51,0.00,2.00,1.00,311.29,3.14,12.97,57.57,60.12,-55.41,24.84,-0.28,-0.03,17.00,5633.84,-75.00,0.00,0.00
142315.00,2019-07-02 21:28:46.315,25.25,822.29,0.00,1.51,0.00,2.00,1.00,311.55,3.14,12.83,57.57,60.12,-55.22,24.84,-0.28,-0.03,17.00,5633.84,-75.00,0.00,0.00
142415.00,2019-07-02 21:28:46.415,25.16,822.99,0.00,1.51,0.00,2.00,1.00,311.82,3.14,12.98,57.54,60.16,-55.22,24.84,-0.30,-0.03,17.00,5633.84,-75.00,0.00,0.00
142515.00,2019-07-02 21:28:46.515,25.21,823.69,0.00,1.51,0.00,2.00,1.00,312.08,3.14,12.82,57.54,60.16,-55.22,25.02,-0.27,-0.03,17.00,5633.84,-75.00,0.00,0.00
142615.00,2019-07-02 21:28:46.615,25.13,824.39,0.00,1.51,0.00,2.00,1.00,312.35,3.14,12.83,57.54,60.16,-55.01,25.02,-0.29,-0.03,17.00,5633.84,-75.00,0.00,0.00
142715.00,2019-07-02 21:28:46.715,25.08,825.10,0.00,1.51,0.00,2.00,1.00,312.62,3.14,12.95,57.42,60.09,-55.01,25.02,-0.31,-0.03,17.00,5633.84,-75.00,0.00,0.00
142815.00,2019-07-02 21:28:46.815,25.15,825.80,0.00,1.51,0.00,2.00,1.00,312.88,3.14,12.84,57.42,60.09,-54.90,25.02,-0.31,-0.03,17.00,5633.84,-75.00,0.00,0.00
142915.00,2019-07-02 21:28:46.915,25.10,826.50,0.00,1.51,0.00,2.00,1.00,313.15,3.14,12.98,57.54,60.20,-54.90,24.81,-0.27,-0.03,17.00,5633.84,-75.00,0.00,0.00
143015.00,2019-07-02 21:28:47.015,25.07,827.20,0.00,1.51,0.00,2.00,1.00,313.42,3.14,12.96,57.54,60.20,-54.90,24.81,-0.28,-0.03,17.00,5633.84,-75.00,0.00,0.00
143115.00,2019-07-02 21:28:47.115,25.05,827.90,0.00,1.51,0.00,2.00,1.00,313.68,3.14,12.98,57.54,60.20,-54.67,24.81,-0.29,-0.02,17.00,5633.84,-75.00,0.00,0.00
143215.00,2019-07-02 21:28:47.215,25.03,828.61,0.00,1.51,0.00,2.00,1.00,313.95,3.14,12.97,57.52,60.16,-54.67,24.81,-0.27,-0.02,17.00,5633.84,-75.00,0.00,0.00
143315.00,2019-07-02 21:28:47.315,25.02,829.31,0.00,1.51,0.00,2.00,1.00,314.21,3.14,12.83,57.52,60.16,-54.51,24.66,-0.30,-0.04,17.00,5633.84,-75.00,0.00,0.00
143415.00,2019-07-02 21:28:47.415,25.04,830.01,0.00,1.51,0.00,2.00,1.00,314.48,3.14,12.99,57.52,60.23,-54.51,24.66,-0.29,-0.04,17.00,5633.84,-75.00,0.00,0.00
143515.00,2019-07-02 21:28:47.515,25.04,830.71,0.00,1.51,0.00,2.00,1.00,314.75,3.14,12.98,57.45,60.23,-54.51,24.66,-0.29,-0.03,17.00,5633.84,-75.00,0.00,0.00
143615.00,2019-07-02 21:28:47.615,24.94,831.30,0.00,1.51,0.00,2.00,1.00,314.97,3.14,12.84,57.45,60.23,-54.27,24.66,-0.29,-0.02,17.00,5633.84,-75.00,0.00,0.00
143715.00,2019-07-02 21:28:47.715,24.98,832.00,0.00,1.51,0.00,2.00,1.00,315.23,3.14,12.95,57.52,60.16,-54.27,24.53,-0.28,-0.02,17.00,5633.84,-75.00,0.00,0.00
143815.00,2019-07-02 21:28:47.815,25.00,832.70,0.00,1.51,0.00,2.00,1.00,315.50,3.14,12.98,57.52,60.16,-54.27,24.53,-0.30,-0.03,17.00,5633.84,-75.00,0.00,0.00
143915.00,2019-07-02 21:28:47.915,24.92,833.40,0.00,1.51,0.00,2.00,1.00,315.77,3.14,12.82,57.52,60.14,-54.09,24.53,-0.29,-0.03,17.00,5633.84,-75.00,0.00,0.00
144015.00,2019-07-02 21:28:48.015,24.86,834.11,0.00,1.51,0.00,2.00,1.00,316.03,3.14,12.96,57.45,60.14,-54.09,24.53,-0.31,-0.04,17.00,5633.84,-75.00,0.00,0.00
144115.00,2019-07-02 21:28:48.115,24.91,834.81,0.00,1.51,0.00,2.00,1.00,316.30,3.14,12.95,57.45,60.14,-53.95,24.38,-0.28,-0.03,17.00,5633.84,-75.00,0.00,0.00
144215.00,2019-07-02 21:28:48.215,24.86,835.51,0.00,1.51,0.00,2.00,1.00,316.56,3.14,12.85,57.43,60.16,-53.95,24.38,-0.27,-0.03,17.00,5633.84,-75.00,0.00,0.00
144315.00,2019-07-02 21:28:48.315,24.83,836.21,0.00,1.51,0.00,2.00,1.00,316.83,3.14,12.99,57.43,60.16,-53.95,24.38,-0.30,-0.03,17.00,5633.84,-75.00,0.00,0.00
144415.00,2019-07-02 21:28:48.415,24.90,836.92,0.00,1.51,0.00,2.00,1.00,317.10,3.14,12.83,57.43,60.09,-53.73,24.38,-0.27,-0.02,17.00,5633.84,-75.00,0.00,0.00
144515.00,2019-07-02 21:28:48.515,24.88,837.62,0.00,1.51,0.00,2.00,1.00,317.36,3.14,12.96,57.52,60.09,-53.73,24.25,-0.31,-0.03,17.00,5633.84,-75.00,0.00,0.00
144615.00,2019-07-02 21:28:48.615,24.74,838.20,0.00,1.51,0.00,2.00,1.00,317.58,3.14,12.81,57.52,60.09,-53.59,24.25,-0.31,-0.03,17.00,5633.84,-75.00,0.00,0.00
144715.00,2019-07-02 21:28:48.715,24.76,838.91,0.00,1.51,0.00,2.00,1.00,317.85,3.14,12.98,57.52,60.11,-53.59,24.25,-0.28,-0.04,17.00,5633.84,-75.00,0.00,0.00
144815.00,2019-07-02 21:28:48.815,24.85,839.61,0.00,1.51,0.00,2.00,1.00,318.12,3.14,12.81,57.47,60.11,-53.59,24.25,-0.29,-0.03,17.00,5633.84,-75.00,0.00,0.00
144915.00,2019-07-02 21:28:48.915,24.75,840.31,0.00,1.51,0.00,2.00,1.00,318.38,3.14,12.96,57.47,60.02,-53.46,24.14,-0.28,-0.02,17.00,5633.84,-75.00,0.00,0.00
145015.00,2019-07-02 21:28:49.015,24.76,841.01,0.00,1.51,0.00,2.00,1.00,318.65,3.14,12.83,57.45,60.02,-53.46,24.14,-0.30,-0.03,17.00,5633.84,-75.00,0.00,0.00
145115.00,2019-07-02 21:28:49.115,24.77,841.71,0.00,1.51,0.00,2.00,1.00,318.91,3.14,12.96,57.45,60.02,-53.46,24.14,-0.29,-0.03,17.00,5633.84,-75.00,0.00,0.00
145215.00,2019-07-02 21:28:49.215,24.69,842.42,0.00,1.51,0.00,2.00,1.00,319.18,3.14,12.82,57.45,60.06,-53.31,24.14,-0.30,-0.02,17.00,5633.84,-75.00,0.00,0.00
145315.00,2019-07-02 21:28:49.315,24.73,843.12,0.00,1.51,0.00,2.00,1.00,319.45,3.14,12.99,57.47,60.06,-53.31,24.38,-0.29,-0.03,17.00,5633.84,-75.00,0.00,0.00
145415.00,2019-07-02 21:28:49.415,24.67,843.70,0.00,1.51,0.00,2.00,1.00,319.67,3.14,12.96,57.47,60.09,-53.03,24.38,-0.30,-0.02,17.00,5633.84,-75.00,0.00,0.00
145515.00,2019-07-02 21:28:49.515,24.71,844.41,0.00,1.51,0.00,2.00,1.00,319.93,3.14,12.84,57.45,60.09,-53.03,24.38,-0.28,-0.03,17.00,5633.84,-75.00,0.00,0.00
145615.00,2019-07-02 21:28:49.615,24.66,845.11,0.00,1.51,0.00,2.00,1.00,320.20,3.14,12.97,57.45,60.09,-53.03,24.38,-0.27,-0.03,17.00,5633.84,-75.00,0.00,0.00
145715.00,2019-07-02 21:28:49.715,24.63,845.81,0.00,1.51,0.00,2.00,1.00,320.47,3.14,12.98,57.45,60.06,-52.90,24.52,-0.31,-0.02,17.00,5633.84,-75.00,0.00,0.00
145815.00,2019-07-02 21:28:49.815,24.58,846.51,0.00,1.51,0.00,2.00,1.00,320.73,3.14,12.81,57.49,60.06,-52.90,24.52,-0.29,-0.02,17.00,5633.84,-75.00,0.00,0.00
145915.00,2019-07-02 21:28:49.915,24.55,847.21,0.00,1.51,0.00,2.00,1.00,321.00,3.14,12.95,57.49,60.09,-52.70,24.52,-0.28,-0.02,17.00,5633.84,-75.00,0.00,0.00
146015.00,2019-07-02 21:28:50.015,24.54,847.80,0.00,1.51,0.00,2.00,1.00,321.22,3.14,12.85,57.49,60.09,-52.70,24.52,-0.29,-0.02,17.00,5633.84,-75.00,0.00,0.00
146115.00,2019-07-02 21:28:50.115,24.63,848.50,0.00,1.51,0.00,2.00,1.00,321.49,3.14,12.96,57.49,60.09,-52.70,24.66,-0.27,-0.03,17.00,5633.84,-75.00,0.00,0.00
146215.00,2019-07-02 21:28:50.215,24.52,849.20,0.00,1.51,0.00,2.00,1.00,321.75,3.14,12.99,57.49,60.09,-52.65,24.66,-0.30,-0.02,17.00,5633.84,-75.00,0.00,0.00
146315.00,2019-07-02 21:28:50.315,24.53,849.91,0.00,1.51,0.00,2.00,1.00,322.02,3.14,12.81,57.52,60.09,-52.65,24.66,-0.30,-0.03,17.00,5633.84,-75.00,0.00,0.00
146415.00,2019-07-02 21:28:50.415,24.54,850.61,0.00,1.51,0.00,2.00,1.00,322.28,3.14,12.98,57.52,60.16,-52.65,24.66,-0.31,-0.03,17.00,5633.84,-75.00,0.00,0.00
146515.00,2019-07-02 21:28:50.515,24.53,851.19,0.00,1.51,0.00,2.00,1.00,322.51,3.14,12.98,57.52,60.16,-52.36,24.77,-0.28,-0.04,17.00,5633.84,-75.00,0.00,0.00
146615.00,2019-07-02 21:28:50.615,24.46,851.90,0.00,1.51,0.00,2.00,1.00,322.77,3.14,12.82,57.48,60.16,-52.36,24.77,-0.29,-0.03,17.00,5633.84,-75.00,0.00,0.00
146715.00,2019-07-02 21:28:50.715,24.51,852.60,0.00,1.51,0.00,2.00,1.00,323.04,3.14,12.97,57.48,60.12,-52.20,24.77,-0.30,-0.03,17.00,5633.84,-75.00,0.00,0.00
146815.00,2019-07-02 21:28:50.815,24.44,853.30,0.00,1.51,0.00,2.00,1.00,323.30,3.14,12.97,57.45,60.12,-52.20,24.77,-0.26,-0.02,17.00,5633.84,-75.00,0.00,0.00
146915.00,2019-07-02 21:28:50.915,24.37,854.00,0.00,1.51,0.00,2.00,1.00,323.57,3.14,12.96,57.45,60.11,-52.20,24.85,-0.30,-0.03,17.00,5633.84,-75.00,0.00,0.00
147015.00,2019-07-02 21:28:51.015,24.42,854.59,0.00,1.51,0.00,2.00,1.00,323.79,3.14,12.95,57.45,60.11,-52.13,24.85,-0.30,-0.02,17.00,5633.84,-75.00,0.00,0.00
147115.00,2019-07-02 21:28:51.115,24.38,855.29,0.00,1.51,0.00,2.00,1.00,324.06,3.14,12.81,57.45,60.11,-52.13,24.85,-0.28,-0.03,17.00,5633.84,-75.00,0.00,0.00
147215.00,2019-07-02 21:28:51.215,24.35,855.99,0.00,1.51,0.00,2.00,1.00,324.32,3.14,12.99,57.45,60.07,-51.94,24.85,-0.30,-0.02,17.00,5633.84,-75.00,0.00,0.00
147315.00,2019-07-02 21:28:51.315,24.33,856.69,0.00,1.51,0.00,2.00,1.00,324.59,3.14,12.98,57.45,60.07,-51.94,24.71,-0.29,-0.02,17.00,5633.84,-75.00,0.00,0.00
147415.00,2019-07-02 21:28:51.415,24.39,857.40,0.00,1.51,0.00,2.00,1.00,324.86,3.14,12.98,57.43,60.11,-51.94,24.71,-0.29,-0.03,17.00,5633.84,-75.00,0.00,0.00
147515.00,2019-07-02 21:28:51.515,24.26,857.98,0.00,1.51,0.00,2.00,1.00,325.08,3.14,12.83,57.43,60.11,-51.73,24.71,-0.28,-0.03,17.00,5633.84,-75.00,0.00,0.00
147615.00,2019-07-02 21:28:51.615,24.28,858.68,0.00,1.51,0.00,2.00,1.00,325.34,3.14,12.98,57.52,60.11,-51.73,24.71,-0.34,-0.03,17.00,5633.84,-75.00,0.00,0.00
147715.00,2019-07-02 21:28:51.715,24.29,859.39,0.00,1.51,0.00,2.00,1.00,325.61,3.14,12.99,57.52,60.11,-51.73,24.81,-0.31,-0.03,17.00,5633.84,-75.00,0.00,0.00
147815.00,2019-07-02 21:28:51.815,24.29,860.09,0.00,1.51,0.00,2.00,1.00,325.88,3.14,12.96,57.52,60.11,-51.62,24.81,-0.28,-0.04,17.00,5633.84,-75.00,0.00,0.00
147915.00,2019-07-02 21:28:51.915,24.28,860.67,0.00,1.51,0.00,2.00,1.00,326.10,3.14,12.85,57.47,60.07,-51.62,24.81,-0.28,-0.03,17.00,5633.84,-75.00,0.00,0.00
148015.00,2019-07-02 21:28:52.015,24.21,861.38,0.00,1.51,0.00,2.00,1.00,326.36,3.14,12.95,57.47,60.07,-51.41,24.81,-0.29,-0.03,17.00,5633.84,-75.00,0.00,0.00
148115.00,2019-07-02 21:28:52.115,24.25,862.08,0.00,1.51,0.00,2.00,1.00,326.63,3.14,12.98,57.55,60.07,-51.41,24.68,-0.31,-0.02,17.00,5633.84,-75.00,0.00,0.00
148215.00,2019-07-02 21:28:52.215,24.19,862.78,0.00,1.51,0.00,2.00,1.00,326.90,3.14,12.99,57.55,60.04,-51.41,24.68,-0.28,-0.03,17.00,5633.84,-75.00,0.00,0.00
148315.00,2019-07-02 21:28:52.315,24.20,863.37,0.00,1.51,0.00,2.00,1.00,327.12,3.14,12.99,57.55,60.04,-51.34,24.68,-0.28,-0.03,17.00,5633.84,-75.00,0.00,0.00
148415.00,2019-07-02 21:28:52.415,24.16,864.07,0.00,1.51,0.00,2.00,1.00,327.38,3.14,12.96,57.43,60.09,-51.34,24.68,-0.29,-0.03,17.00,5633.84,-75.00,0.00,0.00
148515.00,2019-07-02 21:28:52.515,24.12,864.77,0.00,1.51,0.00,2.00,1.00,327.65,3.14,12.84,57.43,60.09,-51.13,24.75,-0.29,-0.02,17.00,5633.84,-75.00,0.00,0.00
148615.00,2019-07-02 21:28:52.615,24.16,865.36,0.00,1.51,0.00,2.00,1.00,327.87,3.14,12.99,57.43,60.09,-51.13,24.75,-0.30,-0.02,17.00,5633.84,-75.00,0.00,0.00
148715.00,2019-07-02 21:28:52.715,24.14,866.06,0.00,1.51,0.00,2.00,1.00,328.14,3.14,12.82,57.54,60.11,-51.13,24.75,-0.29,-0.02,17.00,5633.84,-75.00,0.00,0.00
148815.00,2019-07-02 21:28:52.815,24.13,866.76,0.00,1.51,0.00,2.00,1.00,328.40,3.14,12.98,57.54,60.11,-51.03,24.75,-0.31,-0.02,17.00,5633.84,-75.00,0.00,0.00
148915.00,2019-07-02 21:28:52.915,24.08,867.46,0.00,1.51,0.00,2.00,1.00,328.67,3.14,12.98,57.43,60.06,-51.03,24.84,-0.30,-0.02,17.00,5633.84,-75.00,0.00,0.00
149015.00,2019-07-02 21:28:53.015,24.09,868.05,0.00,1.51,0.00,2.00,1.00,328.89,3.14,12.85,57.43,60.06,-51.03,24.84,-0.28,-0.03,17.00,5633.84,-75.00,0.00,0.00
149115.00,2019-07-02 21:28:53.115,24.10,868.75,0.00,1.51,0.00,2.00,1.00,329.16,3.14,12.98,57.43,60.06,-50.91,24.84,-0.30,-0.03,17.00,5633.84,-75.00,0.00,0.00
149215.00,2019-07-02 21:28:53.215,24.06,869.45,0.00,1.51,0.00,2.00,1.00,329.42,3.14,12.81,57.43,60.00,-50.91,24.84,-0.27,-0.02,17.00,5633.84,-75.00,0.00,0.00
149315.00,2019-07-02 21:28:53.315,23.98,870.04,0.00,1.51,0.00,2.00,1.00,329.64,3.14,12.98,57.43,60.00,-50.76,24.85,-0.31,-0.02,17.00,5633.84,-75.00,0.00,0.00
149415.00,2019-07-02 21:28:53.415,24.01,870.74,0.00,1.51,0.00,2.00,1.00,329.91,3.14,12.97,57.45,60.00,-50.76,24.85,-0.29,-0.03,17.00,5633.84,-75.00,0.00,0.00
149515.00,2019-07-02 21:28:53.515,23.95,871.44,0.00,1.51,0.00,2.00,1.00,330.18,3.14,12.84,57.45,60.00,-50.76,24.85,-0.30,-0.03,17.00,5633.84,-75.00,0.00,0.00
149615.00,2019-07-02 21:28:53.615,23.94,872.03,0.00,1.51,0.00,2.00,1.00,330.40,3.14,12.99,57.45,60.00,-50.52,24.85,-0.29,-0.03,17.00,5633.84,-75.00,0.00,0.00
149715.00,2019-07-02 21:28:53.715,23.99,872.73,0.00,1.51,0.00,2.00,1.00,330.66,3.14,12.96,57.52,60.11,-50.52,24.99,-0.28,-0.03,17.00,5633.84,-75.00,0.00,0.00
149815.00,2019-07-02 21:28:53.815,23.97,873.43,0.00,1.51,0.00,2.00,1.00,330.93,3.14,12.84,57.52,60.11,-50.41,24.99,-0.29,-0.03,17.00,5633.84,-75.00,0.00,0.00
149915.00,2019-07-02 21:28:53.915,23.86,874.02,0.00,1.51,0.00,2.00,1.00,331.15,3.14,12.96,57.52,60.02,-50.41,24.99,-0.29,-0.03,17.00,5633.84,-75.00,0.00,0.00
150015.00,2019-07-02 21:28:54.015,23.95,874.72,0.00,1.51,0.00,2.00,1.00,331.42,3.14,12.81,57.57,60.02,-50.41,24.99,-0.29,-0.03,17.00,5633.84,-75.00,0.00,0.00
150115.00,2019-07-02 21:28:54.115,23.94,875.42,0.00,1.51,0.00,2.00,1.00,331.68,3.14,12.81,57.57,60.02,-50.28,24.85,-0.29,-0.02,17.00,5633.84,-75.00,0.00,0.00
150215.00,2019-07-02 21:28:54.215,23.85,876.01,0.00,1.51,0.00,2.00,1.00,331.91,3.14,12.99,57.55,60.04,-50.28,24.85,-0.29,-0.02,17.00,5633.84,-75.00,0.00,0.00
150315.00,2019-07-02 21:28:54.315,23.87,876.71,0.00,1.51,0.00,2.00,1.00,332.17,3.14,12.97,57.55,60.04,-50.28,24.85,-0.28,-0.03,17.00,5633.84,-75.00,0.00,0.00
150415.00,2019-07-02 21:28:54.415,23.87,877.41,0.00,1.51,0.00,2.00,1.00,332.44,3.14,12.95,57.55,59.97,-50.13,24.85,-0.27,-0.04,17.00,5633.84,-75.00,0.00,0.00
150515.00,2019-07-02 21:28:54.515,23.81,877.99,0.00,1.51,0.00,2.00,1.00,332.66,3.14,12.99,57.52,59.97,-50.13,24.91,-0.30,-0.03,17.00,5633.84,-75.00,0.00,0.00
150615.00,2019-07-02 21:28:54.615,23.73,878.70,0.00,1.51,0.00,2.00,1.00,332.93,3.14,12.81,57.52,59.97,-50.05,24.91,-0.29,-0.03,17.00,5633.84,-75.00,0.00,0.00
150715.00,2019-07-02 21:28:54.715,23.81,879.40,0.00,1.51,0.00,2.00,1.00,333.19,3.14,12.95,57.48,59.99,-50.05,24.91,-0.29,-0.03,17.00,5633.84,-75.00,0.00,0.00
150815.00,2019-07-02 21:28:54.815,23.73,879.98,0.00,1.51,0.00,2.00,1.00,333.41,3.14,12.96,57.48,59.99,-50.05,24.91,-0.29,-0.04,17.00,5633.84,-75.00,0.00,0.00
150915.00,2019-07-02 21:28:54.915,23.67,880.69,0.00,1.51,0.00,2.00,1.00,333.68,3.14,12.95,57.48,60.05,-49.90,24.79,-0.29,-0.03,17.00,5633.84,-75.00,0.00,0.00
151015.00,2019-07-02 21:28:55.015,23.77,881.27,0.00,1.51,0.00,2.00,1.00,333.90,3.14,12.99,57.52,60.05,-49.90,24.79,-0.29,-0.03,17.00,5633.84,-75.00,0.00,0.00
151115.00,2019-07-02 21:28:55.115,23.71,881.97,0.00,1.51,0.00,2.00,1.00,334.17,3.14,12.82,57.52,60.05,-49.66,24.79,-0.29,-0.03,17.00,5633.84,-75.00,0.00,0.00
151215.00,2019-07-02 21:28:55.215,23.67,882.68,0.00,1.51,0.00,2.00,1.00,334.43,3.14,12.99,57.52,60.00,-49.66,24.79,-0.31,-0.03,17.00,5633.84,-75.00,0.00,0.00
151315.00,2019-07-02 21:28:55.315,23.69,883.26,0.00,1.51,0.00,2.00,1.00,334.66,3.14,12.98,57.45,60.00,-49.66,24.83,-0.28,-0.03,17.00,5633.84,-75.00,0.00,0.00
151415.00,2019-07-02 21:28:55.415,23.68,883.96,0.00,1.51,0.00,2.00,1.00,334.92,3.14,12.82,57.45,59.99,-49.52,24.83,-0.30,-0.03,17.00,5633.84,-75.00,0.00,0.00
151515.00,2019-07-02 21:28:55.515,23.69,884.67,0.00,1.51,0.00,2.00,1.00,335.19,3.14,12.99,57.50,59.99,-49.52,24.83,-0.29,-0.04,17.00,5633.84,-75.00,0.00,0.00
151615.00,2019-07-02 21:28:55.615,23.57,885.25,0.00,1.51,0.00,2.00,1.00,335.41,3.14,12.95,57.50,59.99,-49.52,24.83,-0.28,-0.03,17.00,5633.84,-75.00,0.00,0.00
151715.00,2019-07-02 21:28:55.715,23.59,885.95,0.00,1.51,0.00,2.00,1.00,335.68,3.14,12.85,57.50,60.07,-49.48,24.71,-0.31,-0.03,17.00,5633.84,-75.00,0.00,0.00
151815.00,2019-07-02 21:28:55.815,23.62,886.54,0.00,1.51,0.00,2.00,1.00,335.90,3.14,12.97,57.45,60.07,-49.48,24.71,-0.28,-0.03,17.00,5633.84,-75.00,0.00,0.00
151915.00,2019-07-02 21:28:55.915,23.53,887.24,0.00,1.51,0.00,2.00,1.00,336.16,3.14,12.81,57.45,59.99,-49.23,24.71,-0.28,-0.03,17.00,5633.84,-75.00,0.00,0.00
152015.00,2019-07-02 21:28:56.015,23.58,887.83,0.00,1.51,0.00,2.00,1.00,336.38,3.14,12.82,57.45,59.99,-49.23,24.71,-0.27,-0.03,17.00,5633.84,-75.00,0.00,0.00
152115.00,2019-07-02 21:28:56.115,23.51,888.53,0.00,1.51,0.00,2.00,1.00,336.65,3.14,12.97,57.45,59.99,-49.23,24.57,-0.28,-0.03,17.00,5633.84,-75.00,0.00,0.00
152215.00,2019-07-02 21:28:56.215,23.54,889.23,0.00,1.51,0.00,2.00,1.00,336.92,3.14,12.98,57.45,60.07,-49.17,24.57,-0.29,-0.03,17.00,5633.84,-75.00,0.00,0.00
152315.00,2019-07-02 21:28:56.315,23.53,889.82,0.00,1.51,0.00,2.00,1.00,337.14,3.14,12.82,57.49,60.07,-49.17,24.57,-0.29,-0.04,17.00,5633.84,-75.00,0.00,0.00
152415.00,2019-07-02 21:28:56.415,23.48,890.52,0.00,1.51,0.00,2.00,1.00,337.40,3.14,12.99,57.49,60.02,-48.97,24.57,-0.31,-0.03,17.00,5633.84,-75.00,0.00,0.00
152515.00,2019-07-02 21:28:56.515,23.45,891.10,0.00,1.51,0.00,2.00,1.00,337.63,3.14,12.96,57.49,60.02,-48.97,24.63,-0.31,-0.02,17.00,5633.84,-75.00,0.00,0.00
152615.00,2019-07-02 21:28:56.615,23.43,891.81,0.00,1.51,0.00,2.00,1.00,337.89,3.14,12.96,57.48,60.02,-48.97,24.63,-0.28,-0.02,17.00,5633.84,-75.00,0.00,0.00
152715.00,2019-07-02 21:28:56.715,23.42,892.39,0.00,1.51,0.00,2.00,1.00,338.11,3.14,12.97,57.48,60.02,-48.89,24.63,-0.29,-0.03,17.00,5633.84,-75.00,0.00,0.00
152815.00,2019-07-02 21:28:56.815,23.42,893.09,0.00,1.51,0.00,2.00,1.00,338.38,3.14,12.98,57.43,60.02,-48.89,24.63,-0.27,-0.03,17.00,5633.84,-75.00,0.00,0.00
152915.00,2019-07-02 21:28:56.915,23.41,893.79,0.00,1.51,0.00,2.00,1.00,338.65,3.14,12.99,57.43,60.00,-48.89,24.57,-0.30,-0.02,17.00,5633.84,-75.00,0.00,0.00
153015.00,2019-07-02 21:28:57.015,23.41,894.38,0.00,1.51,0.00,2.00,1.00,338.87,3.14,12.95,57.43,60.00,-48.77,24.57,-0.29,-0.03,17.00,5633.84,-75.00,0.00,0.00
153115.00,2019-07-02 21:28:57.115,23.32,895.08,0.00,1.51,0.00,2.00,1.00,339.13,3.14,12.85,57.47,60.00,-48.77,24.57,-0.28,-0.02,17.00,5633.84,-75.00,0.00,0.00
153215.00,2019-07-02 21:28:57.215,23.36,895.67,0.00,1.51,0.00,2.00,1.00,339.36,3.14,12.96,57.47,60.02,-48.62,24.57,-0.31,-0.02,17.00,5633.84,-75.00,0.00,0.00
153315.00,2019-07-02 21:28:57.315,23.38,896.37,0.00,1.51,0.00,2.00,1.00,339.62,3.14,12.99,57.54,60.02,-48.62,24.49,-0.27,-0.02,17.00,5633.84,-75.00,0.00,0.00
153415.00,2019-07-02 21:28:57.415,23.31,896.95,0.00,1.51,0.00,2.00,1.00,339.84,3.14,12.84,57.54,60.00,-48.62,24.49,-0.31,-0.01,17.00,5633.84,-75.00,0.00,0.00
153515.00,2019-07-02 21:28:57.515,23.35,897.66,0.00,1.51,0.00,2.00,1.00,340.11,3.14,12.97,57.54,60.00,-48.51,24.49,-0.29,-0.02,17.00,5633.84,-75.00,0.00,0.00
153615.00,2019-07-02 21:28:57.615,23.28,898.24,0.00,1.51,0.00,2.00,1.00,340.33,3.14,12.84,57.54,60.00,-48.51,24.49,-0.32,-0.03,17.00,5633.84,-75.00,0.00,0.00
153715.00,2019-07-02 21:28:57.715,23.25,898.94,0.00,1.51,0.00,2.00,1.00,340.60,3.14,12.98,57.54,60.02,-48.38,24.38,-0.29,-0.02,17.00,5633.84,-75.00,0.00,0.00
153815.00,2019-07-02 21:28:57.815,23.31,899.53,0.00,1.51,0.00,2.00,1.00,340.82,3.14,12.96,57.54,60.02,-48.38,24.38,-0.29,-0.03,17.00,5633.84,-75.00,0.00,0.00
153915.00,2019-07-02 21:28:57.915,23.28,900.23,0.00,1.51,0.00,2.00,1.00,341.08,3.14,12.85,57.50,60.02,-48.38,24.38,-0.30,-0.04,17.00,5633.84,-75.00,0.00,0.00
154015.00,2019-07-02 21:28:58.015,23.25,900.82,0.00,1.51,0.00,2.00,1.00,341.31,3.14,12.97,57.50,60.02,-48.20,24.38,-0.26,-0.03,17.00,5633.84,-75.00,0.00,0.00
154115.00,2019-07-02 21:28:58.115,25.09,901.64,0.00,1.51,0.00,2.00,1.00,341.62,3.14,12.99,57.52,60.02,-48.20,24.27,-0.31,-0.03,17.00,5633.84,-75.00,0.00,0.00
154215.00,2019-07-02 21:28:58.215,24.40,902.22,0.00,1.51,0.00,2.00,1.00,341.84,3.14,12.81,57.52,59.95,-48.20,24.27,-0.29,-0.04,17.00,5633.84,-75.00,0.00,0.00
154315.00,2019-07-02 21:28:58.315,23.79,902.92,0.00,1.51,0.00,2.00,1.00,342.10,3.14,12.99,57.52,59.95,-48.13,24.27,-0.29,-0.03,17.00,5633.84,-75.00,0.00,0.00
154415.00,2019-07-02 21:28:58.415,23.55,903.51,0.00,1.51,0.00,2.00,1.00,342.33,3.14,12.85,57.49,59.92,-48.13,24.27,-0.30,-0.02,17.00,5633.84,-75.00,0.00,0.00
154515.00,2019-07-02 21:28:58.515,23.40,904.21,0.00,1.51,0.00,2.00,1.00,342.59,3.14,12.95,57.49,59.92,-47.94,24.27,-0.28,-0.03,17.00,5633.84,-75.00,0.00,0.00
154615.00,2019-07-02 21:28:58.615,23.31,904.80,0.00,1.51,0.00,2.00,1.00,342.81,3.14,13.00,57.48,59.92,-47.94,24.27,-0.29,-0.03,17.00,5633.84,-75.00,0.00,0.00
154715.00,2019-07-02 21:28:58.715,23.18,905.50,0.00,1.51,0.00,2.00,1.00,343.08,3.14,12.99,57.48,59.98,-47.94,24.27,-0.29,-0.02,17.00,5633.84,-75.00,0.00,0.00
154815.00,2019-07-02 21:28:58.815,23.18,906.08,0.00,1.51,0.00,2.00,1.00,343.30,3.14,12.99,57.48,59.98,-47.77,24.27,-0.30,-0.01,17.00,5633.84,-75.00,0.00,0.00
154915.00,2019-07-02 21:28:58.915,23.10,906.79,0.00,1.51,0.00,2.00,1.00,343.57,3.14,12.96,57.43,59.98,-47.77,24.34,-0.29,-0.02,17.00,5633.84,-75.00,0.00,0.00
155015.00,2019-07-02 21:28:59.015,23.02,907.37,0.00,1.51,0.00,2.00,1.00,343.79,3.14,12.84,57.43,59.98,-47.64,24.34,-0.28,-0.03,17.00,5633.84,-75.00,0.00,0.00
155115.00,2019-07-02 21:28:59.115,23.10,908.07,0.00,1.51,0.00,2.00,1.00,344.06,3.14,12.99,57.43,59.98,-47.64,24.34,-0.30,-0.02,17.00,5633.84,-75.00,0.00,0.00
155215.00,2019-07-02 21:28:59.215,23.05,908.66,0.00,1.51,0.00,2.00,1.00,344.28,3.14,12.84,57.54,59.95,-47.64,24.34,-0.27,-0.02,17.00,5633.84,-75.00,0.00,0.00
155315.00,2019-07-02 21:28:59.315,23.00,909.24,0.00,1.51,0.00,2.00,1.00,344.50,3.14,12.97,57.54,59.95,-47.60,24.34,-0.30,-0.04,17.00,5633.84,-75.00,0.00,0.00
155415.00,2019-07-02 21:28:59.415,23.00,909.95,0.00,1.51,0.00,2.00,1.00,344.77,3.14,12.96,57.42,59.93,-47.60,24.34,-0.28,-0.04,17.00,5633.84,-75.00,0.00,0.00
155515.00,2019-07-02 21:28:59.515,22.96,910.53,0.00,1.51,0.00,2.00,1.00,344.99,3.14,12.81,57.42,59.93,-47.60,24.34,-0.31,-0.03,17.00,5633.84,-75.00,0.00,0.00
155615.00,2019-07-02 21:28:59.615,22.97,911.23,0.00,1.51,0.00,2.00,1.00,345.25,3.14,12.99,57.42,59.93,-47.49,24.34,-0.29,-0.03,17.00,5633.84,-75.00,0.00,0.00
155715.00,2019-07-02 21:28:59.715,22.95,911.82,0.00,1.51,0.00,2.00,1.00,345.47,3.14,12.96,57.42,59.92,-47.49,24.31,-0.28,-0.03,17.00,5633.84,-75.00,0.00,0.00
155815.00,2019-07-02 21:28:59.815,22.96,912.52,0.00,1.51,0.00,2.00,1.00,345.74,3.14,12.85,57.42,59.92,-47.35,24.31,-0.30,-0.02,17.00,5633.84,-75.00,0.00,0.00
155915.00,2019-07-02 21:28:59.915,22.95,913.11,0.00,1.51,0.00,2.00,1.00,345.96,3.14,12.96,57.45,59.93,-47.35,24.31,-0.28,-0.01,17.00,5633.84,-75.00,0.00,0.00
156015.00,2019-07-02 21:29:00.015,22.88,913.81,0.00,1.51,0.00,2.00,1.00,346.23,3.14,12.99,57.45,59.93,-47.35,24.31,-0.31,-0.02,17.00,5633.84,-75.00,0.00,0.00
156115.00,2019-07-02 21:29:00.115,22.89,914.39,0.00,1.51,0.00,2.00,1.00,346.45,3.14,12.99,57.45,59.93,-47.22,24.27,-0.29,-0.03,17.00,5633.84,-75.00,0.00,0.00
156215.00,2019-07-02 21:29:00.215,22.83,914.98,0.00,1.51,0.00,2.00,1.00,346.67,3.14,12.99,57.45,59.90,-47.22,24.27,-0.30,-0.02,17.00,5633.84,-75.00,0.00,0.00
156315.00,2019-07-02 21:29:00.315,22.91,915.68,0.00,1.51,0.00,2.00,1.00,346.94,3.14,12.85,57.45,59.90,-47.14,24.27,-0.30,-0.03,17.00,5633.84,-75.00,0.00,0.00
156415.00,2019-07-02 21:29:00.415,22.82,916.27,0.00,1.51,0.00,2.00,1.00,347.16,3.14,12.95,57.45,59.88,-47.14,24.27,-0.26,-0.04,17.00,5633.84,-75.00,0.00,0.00
156515.00,2019-07-02 21:29:00.515,22.77,916.97,0.00,1.51,0.00,2.00,1.00,347.43,3.14,12.99,57.50,59.88,-47.14,24.29,-0.31,-0.04,17.00,5633.84,-75.00,0.00,0.00
156615.00,2019-07-02 21:29:00.615,22.86,917.55,0.00,1.51,0.00,2.00,1.00,347.65,3.14,12.83,57.50,59.88,-47.00,24.29,-0.28,-0.02,17.00,5633.84,-75.00,0.00,0.00
156715.00,2019-07-02 21:29:00.715,22.79,918.14,0.00,1.51,0.00,2.00,1.00,347.87,3.14,12.97,57.45,59.86,-47.00,24.29,-0.28,-0.02,17.00,5633.84,-75.00,0.00,0.00
156815.00,2019-07-02 21:29:00.815,22.77,918.84,0.00,1.51,0.00,2.00,1.00,348.14,3.14,13.00,57.45,59.86,-47.00,24.29,-0.29,-0.02,17.00,5633.84,-75.00,0.00,0.00
156915.00,2019-07-02 21:29:00.915,22.76,919.43,0.00,1.51,0.00,2.00,1.00,348.36,3.14,12.81,57.45,59.88,-46.90,24.47,-0.29,-0.02,17.00,5633.84,-75.00,0.00,0.00
157015.00,2019-07-02 21:29:01.015,22.75,920.13,0.00,1.51,0.00,2.00,1.00,348.62,3.14,12.99,57.42,59.88,-46.90,24.47,-0.29,-0.02,17.00,5633.84,-75.00,0.00,0.00
157115.00,2019-07-02 21:29:01.115,22.71,920.71,0.00,1.51,0.00,2.00,1.00,348.84,3.14,12.97,57.42,59.88,-46.76,24.47,-0.29,-0.02,17.00,5633.84,-75.00,0.00,0.00
157215.00,2019-07-02 21:29:01.215,22.70,921.30,0.00,1.51,0.00,2.00,1.00,349.07,3.14,12.85,57.45,59.88,-46.76,24.47,-0.31,-0.04,17.00,5633.84,-75.00,0.00,0.00
157315.00,2019-07-02 21:29:01.315,22.68,922.00,0.00,1.51,0.00,2.00,1.00,349.33,3.14,12.96,57.45,59.88,-46.76,24.49,-0.31,-0.03,17.00,5633.84,-75.00,0.00,0.00
157415.00,2019-07-02 21:29:01.415,22.67,922.59,0.00,1.51,0.00,2.00,1.00,349.55,3.14,12.82,57.45,59.86,-46.57,24.49,-0.28,-0.03,17.00,5633.84,-75.00,0.00,0.00
157515.00,2019-07-02 21:29:01.515,22.67,923.17,0.00,1.51,0.00,2.00,1.00,349.78,3.14,12.83,57.40,59.86,-46.57,24.49,-0.29,-0.03,17.00,5633.84,-75.00,0.00,0.00
157615.00,2019-07-02 21:29:01.615,22.64,923.87,0.00,1.51,0.00,2.00,1.00,350.04,3.14,12.96,57.40,59.86,-46.55,24.49,-0.27,-0.03,17.00,5633.84,-75.00,0.00,0.00
157715.00,2019-07-02 21:29:01.715,22.66,924.46,0.00,1.51,0.00,2.00,1.00,350.26,3.14,12.85,57.40,59.95,-46.55,24.33,-0.31,-0.02,17.00,5633.84,-75.00,0.00,0.00
157815.00,2019-07-02 21:29:01.815,22.61,925.16,0.00,1.51,0.00,2.00,1.00,350.53,3.14,12.97,57.45,59.95,-46.55,24.33,-0.28,-0.03,17.00,5633.84,-75.00,0.00,0.00
157915.00,2019-07-02 21:29:01.915,22.57,925.75,0.00,1.51,0.00,2.00,1.00,350.75,3.14,12.98,57.45,59.88,-46.33,24.33,-0.28,-0.04,17.00,5633.84,-75.00,0.00,0.00
158015.00,2019-07-02 21:29:02.015,22.60,926.33,0.00,1.51,0.00,2.00,1.00,350.97,3.14,12.99,57.55,59.88,-46.33,24.33,-0.27,-0.02,17.00,5633.84,-75.00,0.00,0.00
158115.00,2019-07-02 21:29:02.115,22.58,927.03,0.00,1.51,0.00,2.00,1.00,351.24,3.14,12.97,57.55,59.88,-46.33,24.27,-0.29,-0.02,17.00,5633.84,-75.00,0.00,0.00
158215.00,2019-07-02 21:29:02.215,22.56,927.62,0.00,1.51,0.00,2.00,1.00,351.46,3.14,12.83,57.55,59.85,-46.29,24.27,-0.29,-0.02,17.00,5633.84,-75.00,0.00,0.00
158315.00,2019-07-02 21:29:02.315,22.50,928.20,0.00,1.51,0.00,2.00,1.00,351.68,3.14,12.96,57.48,59.85,-46.29,24.27,-0.27,-0.02,17.00,5633.84,-75.00,0.00,0.00
158415.00,2019-07-02 21:29:02.415,22.51,928.91,0.00,1.51,0.00,2.00,1.00,351.95,3.14,13.00,57.48,59.83,-46.23,24.27,-0.31,-0.01,17.00,5633.84,-75.00,0.00,0.00
158515.00,2019-07-02 21:29:02.515,22.50,929.49,0.00,1.51,0.00,2.00,1.00,352.17,3.14,12.81,57.38,59.83,-46.23,24.38,-0.28,-0.02,17.00,5633.84,-75.00,0.00,0.00
158615.00,2019-07-02 21:29:02.615,22.47,930.08,0.00,1.51,0.00,2.00,1.00,352.39,3.14,12.97,57.38,59.83,-46.23,24.38,-0.28,-0.03,17.00,5633.84,-75.00,0.00,0.00
158715.00,2019-07-02 21:29:02.715,22.45,930.78,0.00,1.51,0.00,2.00,1.00,352.66,3.14,12.83,57.38,59.86,-46.05,24.38,-0.29,-0.03,17.00,5633.84,-75.00,0.00,0.00
158815.00,2019-07-02 21:29:02.815,22.41,931.36,0.00,1.51,0.00,2.00,1.00,352.88,3.14,12.98,57.52,59.86,-46.05,24.38,-0.28,-0.03,17.00,5633.84,-75.00,0.00,0.00
158915.00,2019-07-02 21:29:02.915,22.40,931.95,0.00,1.51,0.00,2.00,1.00,353.10,3.14,12.99,57.52,59.83,-45.94,24.36,-0.34,-0.02,17.00,5633.84,-75.00,0.00,0.00
159015.00,2019-07-02 21:29:03.015,22.42,932.53,0.00,1.51,0.00,2.00,1.00,353.32,3.14,12.82,57.43,59.83,-45.94,24.36,-0.27,-0.03,17.00,5633.84,-75.00,0.00,0.00
159115.00,2019-07-02 21:29:03.115,22.41,933.24,0.00,1.51,0.00,2.00,1.00,353.59,3.14,12.96,57.43,59.83,-45.94,24.36,-0.29,-0.02,17.00,5633.84,-75.00,0.00,0.00
159215.00,2019-07-02 21:29:03.215,22.38,933.82,0.00,1.51,0.00,2.00,1.00,353.81,3.14,12.85,57.43,59.79,-45.87,24.36,-0.29,-0.03,17.00,5633.84,-75.00,0.00,0.00
159315.00,2019-07-02 21:29:03.315,22.34,934.41,0.00,1.51,0.00,2.00,1.00,354.03,3.14,12.84,57.41,59.79,-45.87,24.59,-0.28,-0.03,17.00,5633.84,-75.00,0.00,0.00
159415.00,2019-07-02 21:29:03.415,22.36,935.11,0.00,1.51,0.00,2.00,1.00,354.30,3.14,12.98,57.41,59.92,-45.70,24.59,-0.30,-0.02,17.00,5633.84,-75.00,0.00,0.00
159515.00,2019-07-02 21:29:03.515,22.37,935.69,0.00,1.51,0.00,2.00,1.00,354.52,3.14,12.85,57.41,59.92,-45.70,24.59,-0.28,-0.02,17.00,5633.84,-75.00,0.00,0.00
159615.00,2019-07-02 21:29:03.615,22.34,936.28,0.00,1.51,0.00,2.00,1.00,354.74,3.14,12.85,57.43,59.92,-45.70,24.59,-0.28,-0.02,17.00,5633.84,-75.00,0.00,0.00
159715.00,2019-07-02 21:29:03.715,22.28,936.98,0.00,1.51,0.00,2.00,1.00,355.01,3.14,12.96,57.43,59.85,-45.66,24.68,-0.31,-0.03,17.00,5633.84,-75.00,0.00,0.00
159815.00,2019-07-02 21:29:03.815,22.30,937.57,0.00,1.51,0.00,2.00,1.00,355.23,3.14,12.82,57.49,59.85,-45.66,24.68,-0.29,-0.02,17.00,5633.84,-75.00,0.00,0.00
159915.00,2019-07-02 21:29:03.915,22.28,938.15,0.00,1.51,0.00,2.00,1.00,355.45,3.14,12.99,57.49,59.79,-45.66,24.68,-0.30,-0.03,17.00,5633.84,-75.00,0.00,0.00
160015.00,2019-07-02 21:29:04.015,22.24,938.74,0.00,1.51,0.00,2.00,1.00,355.67,3.14,12.98,57.49,59.79,-45.49,24.68,-0.27,-0.02,17.00,5633.84,-75.00,0.00,0.00
160115.00,2019-07-02 21:29:04.115,22.22,939.44,0.00,1.51,0.00,2.00,1.00,355.94,3.14,12.85,57.47,59.79,-45.49,24.68,-0.30,-0.03,17.00,5633.84,-75.00,0.00,0.00
160215.00,2019-07-02 21:29:04.215,22.20,940.02,0.00,1.51,0.00,2.00,1.00,356.16,3.14,12.97,57.47,59.78,-45.42,24.68,-0.29,-0.03,17.00,5633.84,-75.00,0.00,0.00
160315.00,2019-07-02 21:29:04.315,22.19,940.61,0.00,1.51,0.00,2.00,1.00,356.38,3.14,12.98,57.48,59.78,-45.42,24.68,-0.32,-0.03,17.00,5633.84,-75.00,0.00,0.00
160415.00,2019-07-02 21:29:04.415,22.19,941.19,0.00,1.51,0.00,2.00,1.00,356.60,3.14,12.85,57.48,59.79,-45.42,24.68,-0.28,-0.03,17.00,5633.84,-75.00,0.00,0.00
160515.00,2019-07-02 21:29:04.515,22.18,941.90,0.00,1.51,0.00,2.00,1.00,356.87,3.14,12.95,57.48,59.79,-45.29,24.91,-0.28,-0.02,17.00,5633.84,-75.00,0.00,0.00
160615.00,2019-07-02 21:29:04.615,22.18,942.48,0.00,1.51,0.00,2.00,1.00,357.09,3.14,12.99,57.50,59.79,-45.29,24.91,-0.30,-0.03,17.00,5633.84,-75.00,0.00,0.00
160715.00,2019-07-02 21:29:04.715,22.11,943.07,0.00,1.51,0.00,2.00,1.00,357.31,3.14,12.83,57.50,59.77,-45.16,24.91,-0.29,-0.03,17.00,5633.84,-75.00,0.00,0.00
160815.00,2019-07-02 21:29:04.815,22.14,943.65,0.00,1.51,0.00,2.00,1.00,357.54,3.14,13.00,57.49,59.77,-45.16,24.91,-0.31,-0.03,17.00,5633.84,-75.00,0.00,0.00
160915.00,2019-07-02 21:29:04.915,22.14,944.35,0.00,1.51,0.00,2.00,1.00,357.80,3.14,12.96,57.49,59.73,-45.16,24.73,-0.32,-0.03,17.00,5633.84,-75.00,0.00,0.00
161015.00,2019-07-02 21:29:05.015,22.11,944.94,0.00,1.51,0.00,2.00,1.00,358.02,3.14,12.96,57.49,59.73,-45.06,24.73,-0.29,-0.02,17.00,5633.84,-75.00,0.00,0.00
161115.00,2019-07-02 21:29:05.115,22.05,945.52,0.00,1.51,0.00,2.00,1.00,358.25,3.14,12.97,57.55,59.73,-45.06,24.73,-0.30,-0.03,17.00,5633.84,-75.00,0.00,0.00
161215.00,2019-07-02 21:29:05.215,22.07,946.11,0.00,1.51,0.00,2.00,1.00,358.47,3.14,12.97,57.55,59.85,-45.06,24.73,-0.26,-0.03,17.00,5633.84,-75.00,0.00,0.00
161315.00,2019-07-02 21:29:05.315,22.07,946.81,0.00,1.51,0.00,2.00,1.00,358.73,3.14,12.85,57.55,59.85,-44.97,24.73,-0.31,-0.03,17.00,5633.84,-75.00,0.00,0.00
161415.00,2019-07-02 21:29:05.415,22.04,947.40,0.00,1.51,0.00,2.00,1.00,358.96,3.14,12.95,57.47,59.79,-44.97,24.73,-0.29,-0.02,17.00,5633.84,-75.00,0.00,0.00
161515.00,2019-07-02 21:29:05.515,22.01,947.98,0.00,1.51,0.00,2.00,1.00,359.18,3.14,13.00,57.47,59.79,-44.88,24.73,-0.28,-0.01,17.00,5633.84,-75.00,0.00,0.00
161615.00,2019-07-02 21:29:05.615,22.00,948.57,0.00,1.51,0.00,2.00,1.00,359.40,3.14,12.82,57.40,59.79,-44.88,24.73,-0.29,-0.02,17.00,5633.84,-75.00,0.00,0.00
161715.00,2019-07-02 21:29:05.715,21.98,949.15,0.00,1.51,0.00,2.00,1.00,359.62,3.14,12.96,57.40,59.80,-44.88,24.42,-0.28,-0.03,17.00,5633.84,-75.00,0.00,0.00
161815.00,2019-07-02 21:29:05.815,21.97,949.85,0.00,1.51,0.00,2.00,1.00,359.89,3.14,12.85,57.40,59.80,-44.81,24.42,-0.30,-0.02,17.00,5633.84,-75.00,0.00,0.00
161915.00,2019-07-02 21:29:05.915,21.96,950.44,0.00,1.51,0.00,2.00,1.00,360.11,3.14,12.96,57.49,59.79,-44.81,24.42,-0.27,-0.02,17.00,5633.84,-75.00,0.00,0.00
162015.00,2019-07-02 21:29:06.015,21.99,951.02,0.00,1.51,0.00,2.00,1.00,360.33,3.14,12.84,57.49,59.79,-44.67,24.42,-0.32,-0.02,17.00,5633.84,-75.00,0.00,0.00
162115.00,2019-07-02 21:29:06.115,21.89,951.61,0.00,1.51,0.00,2.00,1.00,360.55,3.14,12.98,57.49,59.79,-44.67,24.36,-0.31,-0.03,17.00,5633.84,-75.00,0.00,0.00
162215.00,2019-07-02 21:29:06.215,21.92,952.20,0.00,1.51,0.00,2.00,1.00,360.77,3.14,12.96,57.49,59.81,-44.67,24.36,-0.28,-0.03,17.00,5633.84,-75.00,0.00,0.00
162315.00,2019-07-02 21:29:06.315,21.84,952.90,0.00,1.51,0.00,2.00,1.00,361.04,3.14,12.85,57.49,59.81,-44.60,24.36,-0.29,-0.03,17.00,5633.84,-75.00,0.00,0.00
162415.00,2019-07-02 21:29:06.415,21.91,953.48,0.00,1.51,0.00,2.00,1.00,361.26,3.14,12.96,57.50,59.78,-44.60,24.36,-0.27,-0.02,17.00,5633.84,-75.00,0.00,0.00
162515.00,2019-07-02 21:29:06.515,21.84,954.07,0.00,1.51,0.00,2.00,1.00,361.48,3.14,13.00,57.50,59.78,-44.60,24.33,-0.31,-0.03,17.00,5633.84,-75.00,0.00,0.00
162615.00,2019-07-02 21:29:06.615,21.86,954.65,0.00,1.51,0.00,2.00,1.00,361.70,3.14,12.97,57.48,59.78,-44.48,24.33,-0.29,-0.03,17.00,5633.84,-75.00,0.00,0.00
162715.00,2019-07-02 21:29:06.715,21.86,955.24,0.00,1.51,0.00,2.00,1.00,361.93,3.14,12.98,57.48,59.71,-44.48,24.33,-0.31,-0.03,17.00,5633.84,-75.00,0.00,0.00
162815.00,2019-07-02 21:29:06.815,21.81,955.82,0.00,1.51,0.00,2.00,1.00,362.15,3.14,12.85,57.48,59.71,-44.38,24.33,-0.30,-0.03,17.00,5633.84,-75.00,0.00,0.00
162915.00,2019-07-02 21:29:06.915,21.77,956.53,0.00,1.51,0.00,2.00,1.00,362.41,3.14,12.97,57.50,59.77,-44.38,24.40,-0.29,-0.03,17.00,5633.84,-75.00,0.00,0.00
163015.00,2019-07-02 21:29:07.015,21.79,957.11,0.00,1.51,0.00,2.00,1.00,362.64,3.14,12.86,57.50,59.77,-44.38,24.40,-0.30,-0.03,17.00,5633.84,-75.00,0.00,0.00
163115.00,2019-07-02 21:29:07.115,21.77,957.70,0.00,1.51,0.00,2.00,1.00,362.86,3.14,12.96,57.50,59.77,-44.28,24.40,-0.27,-0.03,17.00,5633.84,-75.00,0.00,0.00
163215.00,2019-07-02 21:29:07.215,21.75,958.28,0.00,1.51,0.00,2.00,1.00,363.08,3.14,12.98,57.50,59.73,-44.28,24.40,-0.32,-0.03,17.00,5633.84,-75.00,0.00,0.00
163315.00,2019-07-02 21:29:07.315,21.75,958.87,0.00,1.51,0.00,2.00,1.00,363.30,3.14,12.84,57.50,59.73,-44.13,24.23,-0.29,-0.02,17.00,5633.84,-75.00,0.00,0.00
163415.00,2019-07-02 21:29:07.415,21.72,959.45,0.00,1.51,0.00,2.00,1.00,363.52,3.14,12.96,57.42,59.71,-44.13,24.23,-0.28,-0.03,17.00,5633.84,-75.00,0.00,0.00
163515.00,2019-07-02 21:29:07.515,21.66,960.15,0.00,1.51,0.00,2.00,1.00,363.79,3.14,12.99,57.42,59.71,-44.13,24.23,-0.29,-0.03,17.00,5633.84,-75.00,0.00,0.00
163615.00,2019-07-02 21:29:07.615,21.73,960.74,0.00,1.51,0.00,2.00,1.00,364.01,3.14,12.81,57.42,59.71,-44.02,24.23,-0.26,-0.02,17.00,5633.84,-75.00,0.00,0.00
163715.00,2019-07-02 21:29:07.715,21.66,961.32,0.00,1.51,0.00,2.00,1.00,364.23,3.14,12.97,57.45,59.70,-44.02,24.14,-0.30,-0.03,17.00,5633.84,-75.00,0.00,0.00
163815.00,2019-07-02 21:29:07.815,21.65,961.91,0.00,1.51,0.00,2.00,1.00,364.45,3.14,12.86,57.45,59.70,-44.02,24.14,-0.30,-0.03,17.00,5633.84,-75.00,0.00,0.00
163915.00,2019-07-02 21:29:07.915,21.68,962.49,0.00,1.51,0.00,2.00,1.00,364.68,3.14,12.85,57.52,59.64,-43.93,24.14,-0.27,-0.03,17.00,5633.84,-75.00,0.00,0.00
164015.00,2019-07-02 21:29:08.015,21.67,963.08,0.00,1.51,0.00,2.00,1.00,364.90,3.14,12.96,57.52,59.64,-43.93,24.14,-0.29,-0.02,17.00,5633.84,-75.00,0.00,0.00
164115.00,2019-07-02 21:29:08.115,21.62,963.66,0.00,1.51,0.00,2.00,1.00,365.12,3.14,12.98,57.52,59.64,-43.85,24.44,-0.28,-0.03,17.00,5633.84,-75.00,0.00,0.00
164215.00,2019-07-02 21:29:08.215,21.64,964.25,0.00,1.51,0.00,2.00,1.00,365.34,3.14,12.98,57.45,59.74,-43.85,24.44,-0.29,-0.02,17.00,5633.84,-75.00,0.00,0.00
164315.00,2019-07-02 21:29:08.315,21.55,964.95,0.00,1.51,0.00,2.00,1.00,365.61,3.14,12.96,57.45,59.74,-43.85,24.44,-0.29,-0.02,17.00,5633.84,-75.00,0.00,0.00
164415.00,2019-07-02 21:29:08.415,21.52,965.54,0.00,1.51,0.00,2.00,1.00,365.83,3.14,13.00,57.45,59.76,-43.78,24.44,-0.32,-0.02,17.00,5633.84,-75.00,0.00,0.00
164515.00,2019-07-02 21:29:08.515,21.55,966.12,0.00,1.51,0.00,2.00,1.00,366.05,3.14,12.81,57.47,59.76,-43.78,24.36,-0.29,-0.03,17.00,5633.84,-75.00,0.00,0.00
164615.00,2019-07-02 21:29:08.615,21.54,966.71,0.00,1.51,0.00,2.00,1.00,366.27,3.14,12.82,57.47,59.76,-43.76,24.36,-0.28,-0.03,17.00,5633.84,-75.00,0.00,0.00
164715.00,2019-07-02 21:29:08.715,21.53,967.29,0.00,1.51,0.00,2.00,1.00,366.49,3.14,12.99,57.52,59.74,-43.76,24.36,-0.30,-0.02,17.00,5633.84,-75.00,0.00,0.00
164815.00,2019-07-02 21:29:08.815,21.49,967.88,0.00,1.51,0.00,2.00,1.00,366.72,3.14,12.81,57.52,59.74,-43.76,24.36,-0.26,-0.03,17.00,5633.84,-75.00,0.00,0.00
164915.00,2019-07-02 21:29:08.915,21.50,968.46,0.00,1.51,0.00,2.00,1.00,366.94,3.14,12.99,57.52,59.70,-43.61,24.20,-0.31,-0.02,17.00,5633.84,-75.00,0.00,0.00
165015.00,2019-07-02 21:29:09.015,21.46,969.05,0.00,1.51,0.00,2.00,1.00,367.16,3.14,12.85,57.49,59.70,-43.61,24.20,-0.29,-0.01,17.00,5633.84,-75.00,0.00,0.00
165115.00,2019-07-02 21:29:09.115,21.48,969.63,0.00,1.51,0.00,2.00,1.00,367.38,3.14,12.97,57.49,59.70,-43.61,24.20,-0.28,-0.02,17.00,5633.84,-75.00,0.00,0.00
165215.00,2019-07-02 21:29:09.215,21.47,970.22,0.00,1.51,0.00,2.00,1.00,367.60,3.14,12.99,57.45,59.69,-43.38,24.20,-0.30,-0.03,17.00,5633.84,-75.00,0.00,0.00
165315.00,2019-07-02 21:29:09.315,21.40,970.80,0.00,1.51,0.00,2.00,1.00,367.82,3.14,12.97,57.45,59.69,-43.38,24.62,-0.28,-0.03,17.00,5633.84,-75.00,0.00,0.00
165415.00,2019-07-02 21:29:09.415,21.41,971.51,0.00,1.51,0.00,2.00,1.00,368.09,3.14,12.98,57.45,59.64,-43.33,24.62,-0.29,-0.02,17.00,5633.84,-75.00,0.00,0.00
165515.00,2019-07-02 21:29:09.515,21.45,972.09,0.00,1.51,0.00,2.00,1.00,368.31,3.14,12.85,57.49,59.64,-43.33,24.62,-0.29,-0.03,17.00,5633.84,-75.00,0.00,0.00
165615.00,2019-07-02 21:29:09.615,21.33,972.68,0.00,1.51,0.00,2.00,1.00,368.53,3.14,12.85,57.49,59.64,-43.33,24.62,-0.29,-0.03,17.00,5633.84,-75.00,0.00,0.00
165715.00,2019-07-02 21:29:09.715,21.39,973.26,0.00,1.51,0.00,2.00,1.00,368.75,3.14,12.95,57.49,59.71,-43.30,24.38,-0.28,-0.03,17.00,5633.84,-75.00,0.00,0.00
165815.00,2019-07-02 21:29:09.815,21.37,973.85,0.00,1.51,0.00,2.00,1.00,368.98,3.14,12.99,57.54,59.71,-43.30,24.38,-0.28,-0.02,17.00,5633.84,-75.00,0.00,0.00
165915.00,2019-07-02 21:29:09.915,21.35,974.43,0.00,1.51,0.00,2.00,1.00,369.20,3.14,12.98,57.54,59.65,-43.18,24.38,-0.29,-0.03,17.00,5633.84,-75.00,0.00,0.00
166015.00,2019-07-02 21:29:10.015,21.33,975.02,0.00,1.51,0.00,2.00,1.00,369.42,3.14,12.97,57.52,59.65,-43.18,24.38,-0.29,-0.03,17.00,5633.84,-75.00,0.00,0.00
166115.00,2019-07-02 21:29:10.115,21.33,975.60,0.00,1.51,0.00,2.00,1.00,369.64,3.14,13.00,57.52,59.65,-43.18,24.25,-0.30,-0.02,17.00,5633.84,-75.00,0.00,0.00
166215.00,2019-07-02 21:29:10.215,21.29,976.19,0.00,1.51,0.00,2.00,1.00,369.86,3.14,12.97,57.52,59.63,-43.13,24.25,-0.29,-0.03,17.00,5633.84,-75.00,0.00,0.00
166315.00,2019-07-02 21:29:10.315,21.29,976.77,0.00,1.51,0.00,2.00,1.00,370.09,3.14,12.98,57.55,59.63,-43.13,24.25,-0.30,-0.03,17.00,5633.84,-75.00,0.00,0.00
166415.00,2019-07-02 21:29:10.415,21.29,977.36,0.00,1.51,0.00,2.00,1.00,370.31,3.14,12.85,57.55,59.70,-43.13,24.25,-0.29,-0.02,17.00,5633.84,-75.00,0.00,0.00
166515.00,2019-07-02 21:29:10.515,21.21,977.94,0.00,1.51,0.00,2.00,1.00,370.53,3.14,12.99,57.50,59.70,-43.05,24.09,-0.28,-0.02,17.00,5633.84,-75.00,0.00,0.00
166615.00,2019-07-02 21:29:10.615,21.20,978.53,0.00,1.51,0.00,2.00,1.00,370.75,3.14,12.85,57.50,59.70,-43.05,24.09,-0.30,-0.03,17.00,5633.84,-75.00,0.00,0.00
166715.00,2019-07-02 21:29:10.715,21.19,979.11,0.00,1.51,0.00,2.00,1.00,370.97,3.14,12.96,57.50,59.69,-42.92,24.09,-0.29,-0.02,17.00,5633.84,-75.00,0.00,0.00
166815.00,2019-07-02 21:29:10.815,21.18,979.70,0.00,1.51,0.00,2.00,1.00,371.19,3.14,12.98,57.48,59.69,-42.92,24.09,-0.30,-0.02,17.00,5633.84,-75.00,0.00,0.00
166915.00,2019-07-02 21:29:10.915,21.18,980.28,0.00,1.51,0.00,2.00,1.00,371.42,3.14,12.84,57.48,59.69,-42.92,24.04,-0.29,-0.02,17.00,5633.84,-75.00,0.00,0.00
167015.00,2019-07-02 21:29:11.015,21.14,980.87,0.00,1.51,0.00,2.00,1.00,371.64,3.14,12.99,57.48,59.69,-42.77,24.04,-0.28,-0.02,17.00,5633.84,-75.00,0.00,0.00
167115.00,2019-07-02 21:29:11.115,21.18,981.45,0.00,1.51,0.00,2.00,1.00,371.86,3.14,12.97,57.50,59.69,-42.77,24.04,-0.29,-0.02,17.00,5633.84,-75.00,0.00,0.00
167215.00,2019-07-02 21:29:11.215,21.13,982.04,0.00,1.51,0.00,2.00,1.00,372.08,3.14,12.96,57.50,59.70,-42.72,24.04,-0.29,-0.02,17.00,5633.84,-75.00,0.00,0.00
167315.00,2019-07-02 21:29:11.315,21.11,982.62,0.00,1.51,0.00,2.00,1.00,372.30,3.14,12.99,57.48,59.70,-42.72,24.02,-0.32,-0.02,17.00,5633.84,-75.00,0.00,0.00
167415.00,2019-07-02 21:29:11.415,21.09,983.21,0.00,1.51,0.00,2.00,1.00,372.52,3.14,12.83,57.48,59.63,-42.72,24.02,-0.29,-0.02,17.00,5633.84,-75.00,0.00,0.00
167515.00,2019-07-02 21:29:11.515,21.08,983.79,0.00,1.51,0.00,2.00,1.00,372.75,3.14,12.97,57.48,59.63,-42.62,24.02,-0.29,-0.02,17.00,5633.84,-75.00,0.00,0.00
167615.00,2019-07-02 21:29:11.615,21.08,984.38,0.00,1.51,0.00,2.00,1.00,372.97,3.14,13.00,57.52,59.63,-42.62,24.02,-0.29,-0.02,17.00,5633.84,-75.00,0.00,0.00
167715.00,2019-07-02 21:29:11.715,21.05,984.96,0.00,1.51,0.00,2.00,1.00,373.19,3.14,12.81,57.52,59.65,-42.62,23.96,-0.28,-0.02,17.00,5633.84,-75.00,0.00,0.00
167815.00,2019-07-02 21:29:11.815,21.06,985.55,0.00,1.51,0.00,2.00,1.00,373.41,3.14,12.99,57.55,59.65,-42.58,23.96,-0.30,-0.02,17.00,5633.84,-75.00,0.00,0.00
167915.00,2019-07-02 21:29:11.915,21.04,986.14,0.00,1.51,0.00,2.00,1.00,373.63,3.14,12.96,57.55,59.70,-42.58,23.96,-0.29,-0.02,17.00,5633.84,-75.00,0.00,0.00
168015.00,2019-07-02 21:29:12.015,21.01,986.72,0.00,1.51,0.00,2.00,1.00,373.85,3.14,12.95,57.55,59.70,-42.45,23.96,-0.29,-0.02,17.00,5633.84,-75.00,0.00,0.00
168115.00,2019-07-02 21:29:12.115,21.01,987.31,0.00,1.51,0.00,2.00,1.00,374.08,3.14,12.96,57.49,59.70,-42.45,23.88,-0.29,-0.02,17.00,5633.84,-75.00,0.00,0.00
168215.00,2019-07-02 21:29:12.215,21.01,987.89,0.00,1.51,0.00,2.00,1.00,374.30,3.14,12.99,57.49,59.59,-42.45,23.88,-0.28,-0.01,17.00,5633.84,-75.00,0.00,0.00
168315.00,2019-07-02 21:29:12.315,20.96,988.48,0.00,1.51,0.00,2.00,1.00,374.52,3.14,12.83,57.49,59.59,-42.41,23.88,-0.29,-0.02,17.00,5633.84,-75.00,0.00,0.00
168415.00,2019-07-02 21:29:12.415,20.96,989.06,0.00,1.51,0.00,2.00,1.00,374.74,3.14,12.98,57.55,59.67,-42.41,23.88,-0.27,-0.02,17.00,5633.84,-75.00,0.00,0.00
168515.00,2019-07-02 21:29:12.515,20.94,989.65,0.00,1.51,0.00,2.00,1.00,374.96,3.14,13.00,57.55,59.67,-42.27,23.89,-0.32,-0.02,17.00,5633.84,-75.00,0.00,0.00
168615.00,2019-07-02 21:29:12.615,20.91,990.23,0.00,1.51,0.00,2.00,1.00,375.18,3.14,12.81,57.50,59.67,-42.27,23.89,-0.30,-0.02,17.00,5633.84,-75.00,0.00,0.00
168715.00,2019-07-02 21:29:12.715,20.89,990.82,0.00,1.51,0.00,2.00,1.00,375.41,3.14,12.99,57.50,59.63,-42.27,23.89,-0.27,-0.03,17.00,5633.84,-75.00,0.00,0.00
168815.00,2019-07-02 21:29:12.815,20.88,991.40,0.00,1.51,0.00,2.00,1.00,375.63,3.14,12.85,57.50,59.63,-42.23,23.89,-0.29,-0.03,17.00,5633.84,-75.00,0.00,0.00
168915.00,2019-07-02 21:29:12.915,20.88,991.99,0.00,1.51,0.00,2.00,1.00,375.85,3.14,12.97,57.49,59.64,-42.23,23.89,-0.30,-0.03,17.00,5633.84,-75.00,0.00,0.00
169015.00,2019-07-02 21:29:13.015,20.88,992.57,0.00,1.51,0.00,2.00,1.00,376.07,3.14,12.99,57.49,59.64,-42.23,23.89,-0.30,-0.03,17.00,5633.84,-75.00,0.00,0.00
169115.00,2019-07-02 21:29:13.115,20.83,993.16,0.00,1.51,0.00,2.00,1.00,376.29,3.14,12.97,57.59,59.64,-42.11,23.89,-0.29,-0.03,17.00,5633.84,-75.00,0.00,0.00
169215.00,2019-07-02 21:29:13.215,20.85,993.74,0.00,1.51,0.00,2.00,1.00,376.51,3.14,12.85,57.59,59.65,-42.11,23.89,-0.32,-0.03,17.00,5633.84,-75.00,0.00,0.00
169315.00,2019-07-02 21:29:13.315,20.82,994.21,0.00,1.51,0.00,2.00,1.00,376.69,3.14,12.98,57.59,59.65,-42.00,23.72,-0.28,-0.03,17.00,5633.84,-75.00,0.00,0.00
169415.00,2019-07-02 21:29:13.415,20.81,994.80,0.00,1.51,0.00,2.00,1.00,376.91,3.14,12.82,57.54,59.62,-42.00,23.72,-0.29,-0.03,17.00,5633.84,-75.00,0.00,0.00
169515.00,2019-07-02 21:29:13.515,20.79,995.38,0.00,1.51,0.00,2.00,1.00,377.14,3.14,12.99,57.54,59.62,-42.00,23.72,-0.29,-0.03,17.00,5633.84,-75.00,0.00,0.00
169615.00,2019-07-02 21:29:13.615,20.79,995.97,0.00,1.51,0.00,2.00,1.00,377.36,3.14,12.96,57.54,59.62,-41.95,23.72,-0.27,-0.03,17.00,5633.84,-75.00,0.00,0.00
169715.00,2019-07-02 21:29:13.715,20.78,996.55,0.00,1.51,0.00,2.00,1.00,377.58,3.14,12.85,57.55,59.59,-41.95,23.63,-0.31,-0.03,17.00,5633.84,-75.00,0.00,0.00
169815.00,2019-07-02 21:29:13.815,20.75,997.14,0.00,1.51,0.00,2.00,1.00,377.80,3.14,12.96,57.55,59.59,-41.98,23.63,-0.30,-0.03,17.00,5633.84,-75.00,0.00,0.00
169915.00,2019-07-02 21:29:13.915,20.72,997.72,0.00,1.51,0.00,2.00,1.00,378.02,3.14,13.00,57.54,59.66,-41.98,23.63,-0.28,-0.03,17.00,5633.84,-75.00,0.00,0.00
170015.00,2019-07-02 21:29:14.015,20.76,998.31,0.00,1.51,0.00,2.00,1.00,378.24,3.14,12.82,57.54,59.66,-41.98,23.63,-0.31,-0.03,17.00,5633.84,-75.00,0.00,0.00
170115.00,2019-07-02 21:29:14.115,20.68,998.89,0.00,1.51,0.00,2.00,1.00,378.47,3.14,12.98,57.54,59.66,-41.79,23.50,-0.28,-0.02,17.00,5633.84,-75.00,0.00,0.00
170215.00,2019-07-02 21:29:14.215,20.68,999.48,0.00,1.51,0.00,2.00,1.00,378.69,3.14,12.99,57.48,59.65,-41.79,23.50,-0.30,-0.02,17.00,5633.84,-75.00,0.00,0.00
170315.00,2019-07-02 21:29:14.315,20.70,1000.06,0.00,1.51,0.00,2.00,1.00,378.91,3.14,13.00,57.48,59.65,-41.79,23.50,-0.28,-0.02,17.00,5633.84,-75.00,0.00,0.00
170415.00,2019-07-02 21:29:14.415,20.64,1000.53,0.00,1.51,0.00,2.00,1.00,379.09,3.14,12.99,57.49,59.63,-41.73,23.50,-0.33,-0.02,17.00,5633.84,-75.00,0.00,0.00
170515.00,2019-07-02 21:29:14.515,20.66,1001.12,0.00,1.51,0.00,2.00,1.00,379.31,3.14,12.85,57.49,59.63,-41.73,23.37,-0.28,-0.02,17.00,5633.84,-75.00,0.00,0.00
170615.00,2019-07-02 21:29:14.615,20.65,1001.70,0.00,1.51,0.00,2.00,1.00,379.53,3.14,12.96,57.49,59.63,-41.56,23.37,-0.28,-0.02,17.00,5633.84,-75.00,0.00,0.00
170715.00,2019-07-02 21:29:14.715,20.61,1002.29,0.00,1.51,0.00,2.00,1.00,379.75,3.14,12.98,57.52,59.58,-41.56,23.37,-0.29,-0.01,17.00,5633.84,-75.00,0.00,0.00
170815.00,2019-07-02 21:29:14.815,20.61,1002.87,0.00,1.51,0.00,2.00,1.00,379.97,3.14,12.98,57.52,59.58,-41.56,23.37,-0.27,-0.03,17.00,5633.84,-75.00,0.00,0.00
170915.00,2019-07-02 21:29:14.915,20.59,1003.46,0.00,1.51,0.00,2.00,1.00,380.20,3.14,12.96,57.52,59.56,-41.58,23.44,-0.30,-0.03,17.00,5633.84,-75.00,0.00,0.00
171015.00,2019-07-02 21:29:15.015,20.55,1004.04,0.00,1.51,0.00,2.00,1.00,380.42,3.14,12.97,57.55,59.56,-41.58,23.44,-0.28,-0.04,17.00,5633.84,-75.00,0.00,0.00
171115.00,2019-07-02 21:29:15.115,20.51,1004.63,0.00,1.51,0.00,2.00,1.00,380.64,3.14,12.83,57.55,59.56,-41.49,23.44,-0.28,-0.04,17.00,5633.84,-75.00,0.00,0.00
171215.00,2019-07-02 21:29:15.215,20.52,1005.09,0.00,1.51,0.00,2.00,1.00,380.82,3.14,12.98,57.54,59.49,-41.49,23.44,-0.31,-0.03,17.00,5633.84,-75.00,0.00,0.00
171315.00,2019-07-02 21:29:15.315,20.50,1005.68,0.00,1.51,0.00,2.00,1.00,381.04,3.14,12.83,57.54,59.49,-41.49,23.52,-0.27,-0.03,17.00,5633.84,-75.00,0.00,0.00
171415.00,2019-07-02 21:29:15.415,20.48,1006.27,0.00,1.51,0.00,2.00,1.00,381.26,3.14,12.84,57.54,59.49,-41.36,23.52,-0.31,-0.03,17.00,5633.84,-75.00,0.00,0.00
171515.00,2019-07-02 21:29:15.515,20.47,1006.85,0.00,1.51,0.00,2.00,1.00,381.48,3.14,12.96,57.55,59.49,-41.36,23.52,-0.29,-0.03,17.00,5633.84,-75.00,0.00,0.00
171615.00,2019-07-02 21:29:15.615,20.47,1007.44,0.00,1.51,0.00,2.00,1.00,381.70,3.14,12.81,57.55,59.49,-41.36,23.52,-0.28,-0.02,17.00,5633.84,-75.00,0.00,0.00
171715.00,2019-07-02 21:29:15.715,20.48,1008.02,0.00,1.51,0.00,2.00,1.00,381.92,3.14,12.81,57.55,59.49,-41.28,23.44,-0.29,-0.03,17.00,5633.84,-75.00,0.00,0.00
171815.00,2019-07-02 21:29:15.815,20.39,1008.61,0.00,1.51,0.00,2.00,1.00,382.15,3.14,12.96,57.55,59.49,-41.28,23.44,-0.28,-0.03,17.00,5633.84,-75.00,0.00,0.00
171915.00,2019-07-02 21:29:15.915,20.44,1009.07,0.00,1.51,0.00,2.00,1.00,382.32,3.14,12.98,57.55,59.53,-41.27,23.44,-0.30,-0.02,17.00,5633.84,-75.00,0.00,0.00
172015.00,2019-07-02 21:29:16.015,20.43,1009.66,0.00,1.51,0.00,2.00,1.00,382.55,3.14,12.83,57.52,59.53,-41.27,23.44,-0.29,-0.03,17.00,5633.84,-75.00,0.00,0.00
172115.00,2019-07-02 21:29:16.115,20.40,1010.24,0.00,1.51,0.00,2.00,1.00,382.77,3.14,12.96,57.52,59.53,-41.27,23.30,-0.30,-0.03,17.00,5633.84,-75.00,0.00,0.00
172215.00,2019-07-02 21:29:16.215,20.34,1010.83,0.00,1.51,0.00,2.00,1.00,382.99,3.14,12.95,57.52,59.54,-41.19,23.30,-0.28,-0.04,17.00,5633.84,-75.00,0.00,0.00
172315.00,2019-07-02 21:29:16.315,20.34,1011.41,0.00,1.51,0.00,2.00,1.00,383.21,3.14,12.85,57.59,59.54,-41.19,23.30,-0.30,-0.03,17.00,5633.84,-75.00,0.00,0.00
172415.00,2019-07-02 21:29:16.415,20.35,1012.00,0.00,1.51,0.00,2.00,1.00,383.43,3.14,12.99,57.59,59.52,-41.02,23.30,-0.29,-0.03,17.00,5633.84,-75.00,0.00,0.00
172515.00,2019-07-02 21:29:16.515,20.35,1012.47,0.00,1.51,0.00,2.00,1.00,383.61,3.14,12.81,57.54,59.52,-41.02,23.16,-0.27,-0.03,17.00,5633.84,-75.00,0.00,0.00
172615.00,2019-07-02 21:29:16.615,20.32,1013.05,0.00,1.51,0.00,2.00,1.00,383.83,3.14,12.99,57.54,59.52,-41.02,23.16,-0.30,-0.02,17.00,5633.84,-75.00,0.00,0.00
172715.00,2019-07-02 21:29:16.715,20.29,1013.64,0.00,1.51,0.00,2.00,1.00,384.05,3.14,12.97,57.54,59.48,-40.95,23.16,-0.30,-0.02,17.00,5633.84,-75.00,0.00,0.00
172815.00,2019-07-02 21:29:16.815,20.29,1014.22,0.00,1.51,0.00,2.00,1.00,384.27,3.14,12.84,57.48,59.48,-40.95,23.16,-0.31,-0.03,17.00,5633.84,-75.00,0.00,0.00
172915.00,2019-07-02 21:29:16.915,20.29,1014.81,0.00,1.51,0.00,2.00,1.00,384.50,3.14,12.96,57.48,59.52,-40.95,23.16,-0.29,-0.01,17.00,5633.84,-75.00,0.00,0.00
173015.00,2019-07-02 21:29:17.015,20.31,1015.28,0.00,1.51,0.00,2.00,1.00,384.67,3.14,12.82,57.43,59.52,-40.91,23.16,-0.28,-0.03,17.00,5633.84,-75.00,0.00,0.00
173115.00,2019-07-02 21:29:17.115,20.28,1015.86,0.00,1.51,0.00,2.00,1.00,384.90,3.14,12.83,57.43,59.52,-40.91,23.16,-0.29,-0.03,17.00,5633.84,-75.00,0.00,0.00
173215.00,2019-07-02 21:29:17.215,20.25,1016.45,0.00,1.51,0.00,2.00,1.00,385.12,3.14,12.98,57.43,59.48,-40.79,23.16,-0.27,-0.03,17.00,5633.84,-75.00,0.00,0.00
173315.00,2019-07-02 21:29:17.315,20.27,1017.03,0.00,1.51,0.00,2.00,1.00,385.34,3.14,12.85,57.54,59.48,-40.79,23.08,-0.30,-0.03,17.00,5633.84,-75.00,0.00,0.00
173415.00,2019-07-02 21:29:17.415,20.18,1017.62,0.00,1.51,0.00,2.00,1.00,385.56,3.14,12.97,57.54,59.51,-40.79,23.08,-0.31,-0.03,17.00,5633.84,-75.00,0.00,0.00
173515.00,2019-07-02 21:29:17.515,20.14,1018.09,0.00,1.51,0.00,2.00,1.00,385.74,3.14,12.97,57.54,59.51,-40.77,23.08,-0.31,-0.02,17.00,5633.84,-75.00,0.00,0.00
173615.00,2019-07-02 21:29:17.615,20.21,1018.67,0.00,1.51,0.00,2.00,1.00,385.96,3.14,12.99,57.56,59.51,-40.77,23.08,-0.29,-0.02,17.00,5633.84,-75.00,0.00,0.00
173715.00,2019-07-02 21:29:17.715,20.22,1019.26,0.00,1.51,0.00,2.00,1.00,386.18,3.14,12.97,57.56,59.45,-40.70,22.97,-0.28,-0.03,17.00,5633.84,-75.00,0.00,0.00
173815.00,2019-07-02 21:29:17.815,20.11,1019.84,0.00,1.51,0.00,2.00,1.00,386.40,3.14,12.99,57.55,59.45,-40.70,22.97,-0.29,-0.03,17.00,5633.84,-75.00,0.00,0.00
173915.00,2019-07-02 21:29:17.915,20.10,1020.31,0.00,1.51,0.00,2.00,1.00,386.58,3.14,12.96,57.55,59.45,-40.70,22.97,-0.29,-0.03,17.00,5633.84,-75.00,0.00,0.00
174015.00,2019-07-02 21:29:18.015,20.15,1020.89,0.00,1.51,0.00,2.00,1.00,386.80,3.14,12.98,57.55,59.45,-40.60,22.97,-0.29,-0.03,17.00,5633.84,-75.00,0.00,0.00
174115.00,2019-07-02 21:29:18.115,20.07,1021.48,0.00,1.51,0.00,2.00,1.00,387.02,3.14,12.84,57.49,59.45,-40.60,22.96,-0.28,-0.03,17.00,5633.84,-75.00,0.00,0.00
174215.00,2019-07-02 21:29:18.215,20.07,1022.06,0.00,1.51,0.00,2.00,1.00,387.25,3.14,12.96,57.49,59.47,-40.60,22.96,-0.28,-0.02,17.00,5633.84,-75.00,0.00,0.00
174315.00,2019-07-02 21:29:18.315,20.07,1022.53,0.00,1.51,0.00,2.00,1.00,387.42,3.14,13.00,57.55,59.47,-40.51,22.96,-0.30,-0.02,17.00,5633.84,-75.00,0.00,0.00
174415.00,2019-07-02 21:29:18.415,20.07,1023.12,0.00,1.51,0.00,2.00,1.00,387.64,3.14,12.81,57.55,59.41,-40.51,22.96,-0.26,-0.03,17.00,5633.84,-75.00,0.00,0.00
174515.00,2019-07-02 21:29:18.515,20.05,1023.70,0.00,1.51,0.00,2.00,1.00,387.87,3.14,12.96,57.55,59.41,-40.32,22.81,-0.30,-0.03,17.00,5633.84,-75.00,0.00,0.00
174615.00,2019-07-02 21:29:18.615,20.01,1024.29,0.00,1.51,0.00,2.00,1.00,388.09,3.14,12.95,57.50,59.41,-40.32,22.81,-0.30,-0.04,17.00,5633.84,-75.00,0.00,0.00
174715.00,2019-07-02 21:29:18.715,20.03,1024.76,0.00,1.51,0.00,2.00,1.00,388.27,3.14,12.85,57.50,59.41,-40.32,22.81,-0.29,-0.03,17.00,5633.84,-75.00,0.00,0.00
174815.00,2019-07-02 21:29:18.815,19.97,1025.34,0.00,1.51,0.00,2.00,1.00,388.49,3.14,12.98,57.50,59.41,-40.32,22.81,-0.29,-0.02,17.00,5633.84,-75.00,0.00,0.00
174915.00,2019-07-02 21:29:18.915,20.01,1025.93,0.00,1.51,0.00,2.00,1.00,388.71,3.14,12.83,57.54,59.40,-40.32,22.75,-0.28,-0.02,17.00,5633.84,-75.00,0.00,0.00
175015.00,2019-07-02 21:29:19.015,19.97,1026.51,0.00,1.51,0.00,2.00,1.00,388.93,3.14,12.84,57.54,59.40,-40.23,22.75,-0.29,-0.02,17.00,5633.84,-75.00,0.00,0.00
175115.00,2019-07-02 21:29:19.115,19.93,1026.98,0.00,1.51,0.00,2.00,1.00,389.11,3.14,12.96,57.47,59.40,-40.23,22.75,-0.29,-0.02,17.00,5633.84,-75.00,0.00,0.00
175215.00,2019-07-02 21:29:19.215,19.96,1027.57,0.00,1.51,0.00,2.00,1.00,389.33,3.14,12.84,57.47,59.33,-40.23,22.75,-0.29,-0.04,17.00,5633.84,-75.00,0.00,0.00
175315.00,2019-07-02 21:29:19.315,19.94,1028.15,0.00,1.51,0.00,2.00,1.00,389.55,3.14,12.99,57.47,59.33,-40.05,22.77,-0.29,-0.03,17.00,5633.84,-75.00,0.00,0.00
175415.00,2019-07-02 21:29:19.415,19.92,1028.62,0.00,1.51,0.00,2.00,1.00,389.73,3.14,12.99,57.50,59.41,-40.05,22.77,-0.28,-0.03,17.00,5633.84,-75.00,0.00,0.00
175515.00,2019-07-02 21:29:19.515,19.93,1029.20,0.00,1.51,0.00,2.00,1.00,389.95,3.14,12.99,57.50,59.41,-40.05,22.77,-0.30,-0.02,17.00,5633.84,-75.00,0.00,0.00
175615.00,2019-07-02 21:29:19.615,19.90,1029.79,0.00,1.51,0.00,2.00,1.00,390.17,3.14,12.99,57.50,59.41,-40.05,22.77,-0.27,-0.03,17.00,5633.84,-75.00,0.00,0.00
175715.00,2019-07-02 21:29:19.715,19.85,1030.37,0.00,1.51,0.00,2.00,1.00,390.39,3.14,13.00,57.56,59.46,-40.05,22.69,-0.30,-0.03,17.00,5633.84,-75.00,0.00,0.00
175815.00,2019-07-02 21:29:19.815,19.85,1030.84,0.00,1.51,0.00,2.00,1.00,390.57,3.14,13.00,57.56,59.46,-39.91,22.69,-0.28,-0.03,17.00,5633.84,-75.00,0.00,0.00
175915.00,2019-07-02 21:29:19.915,19.86,1031.43,0.00,1.51,0.00,2.00,1.00,390.79,3.14,12.99,57.48,59.42,-39.91,22.69,-0.29,-0.03,17.00,5633.84,-75.00,0.00,0.00
176015.00,2019-07-02 21:29:20.015,19.80,1032.01,0.00,1.51,0.00,2.00,1.00,391.02,3.14,12.86,57.48,59.42,-39.91,22.69,-0.30,-0.03,17.00,5633.84,-75.00,0.00,0.00
176115.00,2019-07-02 21:29:20.115,19.81,1032.48,0.00,1.51,0.00,2.00,1.00,391.19,3.14,12.96,57.48,59.42,-39.85,22.57,-0.28,-0.02,17.00,5633.84,-75.00,0.00,0.00
176215.00,2019-07-02 21:29:20.215,19.76,1033.07,0.00,1.51,0.00,2.00,1.00,391.41,3.14,12.99,57.52,59.32,-39.85,22.57,-0.30,-0.03,17.00,5633.84,-75.00,0.00,0.00
176315.00,2019-07-02 21:29:20.315,19.78,1033.65,0.00,1.51,0.00,2.00,1.00,391.64,3.14,13.00,57.52,59.32,-39.79,22.57,-0.26,-0.03,17.00,5633.84,-75.00,0.00,0.00
176415.00,2019-07-02 21:29:20.415,19.75,1034.12,0.00,1.51,0.00,2.00,1.00,391.81,3.14,12.95,57.56,59.35,-39.79,22.57,-0.29,-0.03,17.00,5633.84,-75.00,0.00,0.00
176515.00,2019-07-02 21:29:20.515,19.72,1034.70,0.00,1.51,0.00,2.00,1.00,392.03,3.14,12.84,57.56,59.35,-39.79,22.57,-0.30,-0.02,17.00,5633.84,-75.00,0.00,0.00
176615.00,2019-07-02 21:29:20.615,19.77,1035.29,0.00,1.51,0.00,2.00,1.00,392.26,3.14,12.99,57.56,59.35,-39.70,22.57,-0.28,-0.02,17.00,5633.84,-75.00,0.00,0.00
176715.00,2019-07-02 21:29:20.715,19.73,1035.76,0.00,1.51,0.00,2.00,1.00,392.43,3.14,12.84,57.56,59.34,-39.70,22.57,-0.29,-0.03,17.00,5633.84,-75.00,0.00,0.00
176815.00,2019-07-02 21:29:20.815,19.75,1036.34,0.00,1.51,0.00,2.00,1.00,392.66,3.14,12.83,57.56,59.34,-39.70,22.57,-0.27,-0.03,17.00,5633.84,-75.00,0.00,0.00
176915.00,2019-07-02 21:29:20.915,19.73,1036.93,0.00,1.51,0.00,2.00,1.00,392.88,3.14,12.99,57.56,59.32,-39.64,22.51,-0.31,-0.03,17.00,5633.84,-75.00,0.00,0.00
177015.00,2019-07-02 21:29:21.015,19.69,1037.40,0.00,1.51,0.00,2.00,1.00,393.05,3.14,12.95,57.63,59.32,-39.64,22.51,-0.31,-0.02,17.00,5633.84,-75.00,0.00,0.00
177115.00,2019-07-02 21:29:21.115,19.64,1037.98,0.00,1.51,0.00,2.00,1.00,393.28,3.14,12.85,57.63,59.32,-39.49,22.51,-0.28,-0.02,17.00,5633.84,-75.00,0.00,0.00
177215.00,2019-07-02 21:29:21.215,19.66,1038.57,0.00,1.51,0.00,2.00,1.00,393.50,3.14,12.99,57.52,59.37,-39.49,22.51,-0.30,-0.02,17.00,5633.84,-75.00,0.00,0.00
177315.00,2019-07-02 21:29:21.315,19.65,1039.03,0.00,1.51,0.00,2.00,1.00,393.68,3.14,12.82,57.52,59.37,-39.49,22.49,-0.27,-0.03,17.00,5633.84,-75.00,0.00,0.00
177415.00,2019-07-02 21:29:21.415,19.59,1039.62,0.00,1.51,0.00,2.00,1.00,393.90,3.14,12.99,57.52,59.30,-39.45,22.49,-0.29,-0.03,17.00,5633.84,-75.00,0.00,0.00
177515.00,2019-07-02 21:29:21.515,19.62,1040.21,0.00,1.51,0.00,2.00,1.00,394.12,3.14,12.97,57.57,59.30,-39.45,22.49,-0.29,-0.03,17.00,5633.84,-75.00,0.00,0.00
177615.00,2019-07-02 21:29:21.615,19.55,1040.67,0.00,1.51,0.00,2.00,1.00,394.30,3.14,12.84,57.57,59.30,-39.38,22.49,-0.31,-0.03,17.00,5633.84,-75.00,0.00,0.00
177715.00,2019-07-02 21:29:21.715,19.60,1041.26,0.00,1.51,0.00,2.00,1.00,394.52,3.14,12.98,57.57,59.30,-39.38,22.49,-0.30,-0.03,17.00,5633.84,-75.00,0.00,0.00
177815.00,2019-07-02 21:29:21.815,19.52,1041.84,0.00,1.51,0.00,2.00,1.00,394.74,3.14,12.96,57.57,59.30,-39.38,22.49,-0.29,-0.03,17.00,5633.84,-75.00,0.00,0.00
177915.00,2019-07-02 21:29:21.915,19.52,1042.31,0.00,1.51,0.00,2.00,1.00,394.92,3.14,12.85,57.57,59.27,-39.28,22.49,-0.29,-0.02,17.00,5633.84,-75.00,0.00,0.00
178015.00,2019-07-02 21:29:22.015,19.52,1042.90,0.00,1.51,0.00,2.00,1.00,395.14,3.14,12.96,57.59,59.27,-39.28,22.49,-0.27,-0.01,17.00,5633.84,-75.00,0.00,0.00
178115.00,2019-07-02 21:29:22.115,19.53,1043.48,0.00,1.51,0.00,2.00,1.00,395.36,3.14,13.00,57.59,59.27,-39.28,22.49,-0.31,-0.02,17.00,5633.84,-75.00,0.00,0.00
178215.00,2019-07-02 21:29:22.215,19.54,1043.95,0.00,1.51,0.00,2.00,1.00,395.54,3.14,12.99,57.59,59.30,-39.22,22.49,-0.28,-0.02,17.00,5633.84,-75.00,0.00,0.00
178315.00,2019-07-02 21:29:22.315,19.48,1044.54,0.00,1.51,0.00,2.00,1.00,395.76,3.14,12.96,57.57,59.30,-39.22,22.49,-0.28,-0.03,17.00,5633.84,-75.00,0.00,0.00
178415.00,2019-07-02 21:29:22.415,19.51,1045.00,0.00,1.51,0.00,2.00,1.00,395.94,3.14,12.85,57.57,59.33,-39.10,22.49,-0.30,-0.02,17.00,5633.84,-75.00,0.00,0.00
178515.00,2019-07-02 21:29:22.515,19.46,1045.59,0.00,1.51,0.00,2.00,1.00,396.16,3.14,12.84,57.63,59.33,-39.10,22.45,-0.27,-0.03,17.00,5633.84,-75.00,0.00,0.00
178615.00,2019-07-02 21:29:22.615,19.41,1046.17,0.00,1.51,0.00,2.00,1.00,396.38,3.14,12.99,57.63,59.33,-39.10,22.45,-0.28,-0.03,17.00,5633.84,-75.00,0.00,0.00
178715.00,2019-07-02 21:29:22.715,19.39,1046.64,0.00,1.51,0.00,2.00,1.00,396.56,3.14,12.82,57.63,59.25,-39.00,22.45,-0.29,-0.03,17.00,5633.84,-75.00,0.00,0.00
178815.00,2019-07-02 21:29:22.815,19.44,1047.23,0.00,1.51,0.00,2.00,1.00,396.78,3.14,12.98,57.68,59.25,-39.00,22.45,-0.29,-0.02,17.00,5633.84,-75.00,0.00,0.00
178915.00,2019-07-02 21:29:22.915,19.40,1047.70,0.00,1.51,0.00,2.00,1.00,396.96,3.14,12.99,57.68,59.19,-38.95,22.33,-0.30,-0.02,17.00,5633.84,-75.00,0.00,0.00
179015.00,2019-07-02 21:29:23.015,19.41,1048.28,0.00,1.51,0.00,2.00,1.00,397.18,3.14,12.84,57.61,59.19,-38.95,22.33,-0.29,-0.03,17.00,5633.84,-75.00,0.00,0.00
179115.00,2019-07-02 21:29:23.115,19.39,1048.87,0.00,1.51,0.00,2.00,1.00,397.40,3.14,12.99,57.61,59.19,-38.95,22.33,-0.30,-0.03,17.00,5633.84,-75.00,0.00,0.00
179215.00,2019-07-02 21:29:23.215,19.37,1049.33,0.00,1.51,0.00,2.00,1.00,397.58,3.14,12.84,57.61,59.30,-38.86,22.33,-0.27,-0.02,17.00,5633.84,-75.00,0.00,0.00
179315.00,2019-07-02 21:29:23.315,19.30,1049.92,0.00,1.51,0.00,2.00,1.00,397.80,3.14,12.99,57.63,59.30,-38.86,22.47,-0.30,-0.02,17.00,5633.84,-75.00,0.00,0.00
179415.00,2019-07-02 21:29:23.415,19.32,1050.39,0.00,1.51,0.00,2.00,1.00,397.98,3.14,12.83,57.63,59.23,-38.86,22.47,-0.29,-0.02,17.00,5633.84,-75.00,0.00,0.00
179515.00,2019-07-02 21:29:23.515,19.33,1050.97,0.00,1.51,0.00,2.00,1.00,398.20,3.14,12.97,57.66,59.23,-38.73,22.47,-0.29,-0.03,17.00,5633.84,-75.00,0.00,0.00
179615.00,2019-07-02 21:29:23.615,19.27,1051.44,0.00,1.51,0.00,2.00,1.00,398.38,3.14,13.00,57.66,59.23,-38.73,22.47,-0.29,-0.02,17.00,5633.84,-75.00,0.00,0.00
179715.00,2019-07-02 21:29:23.715,19.31,1052.03,0.00,1.51,0.00,2.00,1.00,398.60,3.14,12.84,57.66,59.23,-38.78,22.40,-0.29,-0.03,17.00,5633.84,-75.00,0.00,0.00
179815.00,2019-07-02 21:29:23.815,19.24,1052.61,0.00,1.51,0.00,2.00,1.00,398.82,3.14,12.99,57.69,59.23,-38.78,22.40,-0.29,-0.03,17.00,5633.84,-75.00,0.00,0.00
179915.00,2019-07-02 21:29:23.915,19.21,1053.08,0.00,1.51,0.00,2.00,1.00,399.00,3.14,12.86,57.69,59.18,-38.78,22.40,-0.29,-0.03,17.00,5633.84,-75.00,0.00,0.00
180015.00,2019-07-02 21:29:24.015,19.27,1053.66,0.00,1.51,0.00,2.00,1.00,399.22,3.14,12.98,57.69,59.18,-38.66,22.40,-0.31,-0.03,17.00,5633.84,-75.00,0.00,0.00
180115.00,2019-07-02 21:29:24.115,19.23,1054.13,0.00,1.51,0.00,2.00,1.00,399.40,3.14,12.99,57.64,59.18,-38.66,22.37,-0.30,-0.02,17.00,5633.84,-75.00,0.00,0.00
180215.00,2019-07-02 21:29:24.215,19.19,1054.72,0.00,1.51,0.00,2.00,1.00,399.62,3.14,12.81,57.64,59.18,-38.56,22.37,-0.29,-0.03,17.00,5633.84,-75.00,0.00,0.00
180315.00,2019-07-02 21:29:24.315,19.18,1055.19,0.00,1.51,0.00,2.00,1.00,399.79,3.14,12.99,57.59,59.18,-38.56,22.37,-0.30,-0.02,17.00,5633.84,-75.00,0.00,0.00
180415.00,2019-07-02 21:29:24.415,19.17,1055.77,0.00,1.51,0.00,2.00,1.00,400.02,3.14,12.97,57.59,59.12,-38.56,22.37,-0.27,-0.02,17.00,5633.84,-75.00,0.00,0.00
180515.00,2019-07-02 21:29:24.515,19.16,1056.24,0.00,1.51,0.00,2.00,1.00,400.19,3.14,12.86,57.59,59.12,-38.49,22.44,-0.31,-0.02,17.00,5633.84,-75.00,0.00,0.00
180615.00,2019-07-02 21:29:24.615,19.10,1056.82,0.00,1.51,0.00,2.00,1.00,400.42,3.14,12.98,57.61,59.12,-38.49,22.44,-0.28,-0.03,17.00,5633.84,-75.00,0.00,0.00
180715.00,2019-07-02 21:29:24.715,19.12,1057.29,0.00,1.51,0.00,2.00,1.00,400.59,3.14,12.83,57.61,59.12,-38.49,22.44,-0.28,-0.02,17.00,5633.84,-75.00,0.00,0.00
180815.00,2019-07-02 21:29:24.815,19.13,1057.88,0.00,1.51,0.00,2.00,1.00,400.81,3.14,13.00,57.62,59.12,-38.40,22.44,-0.29,-0.02,17.00,5633.84,-75.00,0.00,0.00
180915.00,2019-07-02 21:29:24.915,19.08,1058.46,0.00,1.51,0.00,2.00,1.00,401.04,3.14,12.96,57.62,59.13,-38.40,22.47,-0.28,-0.03,17.00,5633.84,-75.00,0.00,0.00
181015.00,2019-07-02 21:29:25.015,19.10,1058.93,0.00,1.51,0.00,2.00,1.00,401.21,3.14,12.85,57.62,59.13,-38.41,22.47,-0.29,-0.03,17.00,5633.84,-75.00,0.00,0.00
181115.00,2019-07-02 21:29:25.115,19.05,1059.52,0.00,1.51,0.00,2.00,1.00,401.44,3.14,12.96,57.59,59.13,-38.41,22.47,-0.29,-0.03,17.00,5633.84,-75.00,0.00,0.00
181215.00,2019-07-02 21:29:25.215,19.08,1059.98,0.00,1.51,0.00,2.00,1.00,401.61,3.14,12.98,57.59,59.13,-38.41,22.47,-0.28,-0.02,17.00,5633.84,-75.00,0.00,0.00
181315.00,2019-07-02 21:29:25.315,19.06,1060.57,0.00,1.51,0.00,2.00,1.00,401.83,3.14,12.81,57.59,59.13,-38.23,22.55,-0.30,-0.03,17.00,5633.84,-75.00,0.00,0.00
181415.00,2019-07-02 21:29:25.415,19.03,1061.04,0.00,1.51,0.00,2.00,1.00,402.01,3.14,12.96,57.66,59.11,-38.23,22.55,-0.28,-0.03,17.00,5633.84,-75.00,0.00,0.00
181515.00,2019-07-02 21:29:25.515,19.01,1061.62,0.00,1.51,0.00,2.00,1.00,402.23,3.14,12.85,57.66,59.11,-38.18,22.55,-0.29,-0.02,17.00,5633.84,-75.00,0.00,0.00
181615.00,2019-07-02 21:29:25.615,19.00,1062.09,0.00,1.51,0.00,2.00,1.00,402.41,3.14,12.96,57.54,59.11,-38.18,22.55,-0.26,-0.03,17.00,5633.84,-75.00,0.00,0.00
181715.00,2019-07-02 21:29:25.715,19.00,1062.68,0.00,1.51,0.00,2.00,1.00,402.63,3.14,12.99,57.54,59.06,-38.18,22.58,-0.30,-0.03,17.00,5633.84,-75.00,0.00,0.00
181815.00,2019-07-02 21:29:25.815,18.98,1063.14,0.00,1.51,0.00,2.00,1.00,402.81,3.14,12.83,57.54,59.06,-38.03,22.58,-0.30,-0.02,17.00,5633.84,-75.00,0.00,0.00
181915.00,2019-07-02 21:29:25.915,18.96,1063.73,0.00,1.51,0.00,2.00,1.00,403.03,3.14,12.97,57.61,59.09,-38.03,22.58,-0.28,-0.02,17.00,5633.84,-75.00,0.00,0.00
182015.00,2019-07-02 21:29:26.015,18.92,1064.20,0.00,1.51,0.00,2.00,1.00,403.21,3.14,12.97,57.61,59.09,-38.03,22.58,-0.28,-0.03,17.00,5633.84,-75.00,0.00,0.00
182115.00,2019-07-02 21:29:26.115,18.94,1064.78,0.00,1.51,0.00,2.00,1.00,403.43,3.14,12.96,57.66,59.09,-37.91,22.73,-0.28,-0.02,17.00,5633.84,-75.00,0.00,0.00
182215.00,2019-07-02 21:29:26.215,18.87,1065.25,0.00,1.51,0.00,2.00,1.00,403.61,3.14,12.99,57.66,59.06,-37.91,22.73,-0.30,-0.02,17.00,5633.84,-75.00,0.00,0.00
182315.00,2019-07-02 21:29:26.315,18.92,1065.84,0.00,1.51,0.00,2.00,1.00,403.83,3.14,12.82,57.66,59.06,-37.93,22.73,-0.29,-0.03,17.00,5633.84,-75.00,0.00,0.00
182415.00,2019-07-02 21:29:26.415,18.85,1066.30,0.00,1.51,0.00,2.00,1.00,404.01,3.14,12.98,57.70,59.16,-37.93,22.73,-0.29,-0.02,17.00,5633.84,-75.00,0.00,0.00
182515.00,2019-07-02 21:29:26.515,18.88,1066.77,0.00,1.51,0.00,2.00,1.00,404.18,3.14,12.99,57.70,59.16,-37.93,22.73,-0.28,-0.02,17.00,5633.84,-75.00,0.00,0.00
182615.00,2019-07-02 21:29:26.615,18.86,1067.36,0.00,1.51,0.00,2.00,1.00,404.41,3.14,12.82,57.70,59.16,-37.88,22.73,-0.28,-0.03,17.00,5633.84,-75.00,0.00,0.00
182715.00,2019-07-02 21:29:26.715,18.82,1067.83,0.00,1.51,0.00,2.00,1.00,404.58,3.14,13.00,57.59,59.06,-37.88,22.73,-0.29,-0.02,17.00,5633.84,-75.00,0.00,0.00
182815.00,2019-07-02 21:29:26.815,18.82,1068.41,0.00,1.51,0.00,2.00,1.00,404.81,3.14,12.96,57.59,59.06,-37.75,22.73,-0.27,-0.02,17.00,5633.84,-75.00,0.00,0.00
182915.00,2019-07-02 21:29:26.915,18.79,1068.88,0.00,1.51,0.00,2.00,1.00,404.98,3.14,12.84,57.73,59.00,-37.75,22.74,-0.31,-0.03,17.00,5633.84,-75.00,0.00,0.00
183015.00,2019-07-02 21:29:27.015,18.81,1069.46,0.00,1.51,0.00,2.00,1.00,405.20,3.14,12.98,57.73,59.00,-37.75,22.74,-0.28,-0.02,17.00,5633.84,-75.00,0.00,0.00
183115.00,2019-07-02 21:29:27.115,18.79,1069.93,0.00,1.51,0.00,2.00,1.00,405.38,3.14,12.99,57.73,59.00,-37.81,22.74,-0.27,-0.02,17.00,5633.84,-75.00,0.00,0.00
183215.00,2019-07-02 21:29:27.215,18.76,1070.52,0.00,1.51,0.00,2.00,1.00,405.60,3.14,12.82,57.64,58.99,-37.81,22.74,-0.31,-0.02,17.00,5633.84,-75.00,0.00,0.00
183315.00,2019-07-02 21:29:27.315,18.72,1070.99,0.00,1.51,0.00,2.00,1.00,405.78,3.14,12.98,57.64,58.99,-37.81,22.74,-0.28,-0.02,17.00,5633.84,-75.00,0.00,0.00
183415.00,2019-07-02 21:29:27.415,18.76,1071.57,0.00,1.51,0.00,2.00,1.00,406.00,3.14,12.99,57.69,59.07,-37.62,22.74,-0.30,-0.02,17.00,5633.84,-75.00,0.00,0.00
183515.00,2019-07-02 21:29:27.515,18.76,1072.04,0.00,1.51,0.00,2.00,1.00,406.18,3.14,13.00,57.69,59.07,-37.62,22.74,-0.29,-0.02,17.00,5633.84,-75.00,0.00,0.00
183615.00,2019-07-02 21:29:27.615,18.69,1072.51,0.00,1.51,0.00,2.00,1.00,406.36,3.14,12.98,57.69,59.07,-37.55,22.74,-0.28,-0.02,17.00,5633.84,-75.00,0.00,0.00
183715.00,2019-07-02 21:29:27.715,18.67,1073.09,0.00,1.51,0.00,2.00,1.00,406.58,3.14,12.84,57.68,59.05,-37.55,22.88,-0.29,-0.03,17.00,5633.84,-75.00,0.00,0.00
183815.00,2019-07-02 21:29:27.815,18.70,1073.56,0.00,1.51,0.00,2.00,1.00,406.76,3.14,12.96,57.68,59.05,-37.55,22.88,-0.29,-0.03,17.00,5633.84,-75.00,0.00,0.00
183915.00,2019-07-02 21:29:27.915,18.63,1074.15,0.00,1.51,0.00,2.00,1.00,406.98,3.14,13.00,57.68,59.09,-37.56,22.88,-0.30,-0.02,17.00,5633.84,-75.00,0.00,0.00
184015.00,2019-07-02 21:29:28.015,18.65,1074.61,0.00,1.51,0.00,2.00,1.00,407.16,3.14,12.81,57.68,59.09,-37.56,22.88,-0.26,-0.03,17.00,5633.84,-75.00,0.00,0.00
184115.00,2019-07-02 21:29:28.115,18.60,1075.08,0.00,1.51,0.00,2.00,1.00,407.33,3.14,13.00,57.68,59.09,-37.49,23.39,-0.30,-0.03,17.00,5633.84,-75.00,0.00,0.00
184215.00,2019-07-02 21:29:28.215,18.61,1075.67,0.00,1.51,0.00,2.00,1.00,407.55,3.14,12.83,57.70,58.99,-37.49,23.39,-0.29,-0.02,17.00,5633.84,-75.00,0.00,0.00
184315.00,2019-07-02 21:29:28.315,18.58,1076.13,0.00,1.51,0.00,2.00,1.00,407.73,3.14,12.99,57.70,58.99,-37.49,23.39,-0.28,-0.02,17.00,5633.84,-75.00,0.00,0.00
184415.00,2019-07-02 21:29:28.415,18.61,1076.72,0.00,1.51,0.00,2.00,1.00,407.95,3.14,12.85,57.70,59.07,-37.38,23.39,-0.29,-0.03,17.00,5633.84,-75.00,0.00,0.00
184515.00,2019-07-02 21:29:28.515,18.59,1077.19,0.00,1.51,0.00,2.00,1.00,408.13,3.14,12.84,57.66,59.07,-37.38,23.43,-0.30,-0.03,17.00,5633.84,-75.00,0.00,0.00
184615.00,2019-07-02 21:29:28.615,18.49,1077.66,0.00,1.51,0.00,2.00,1.00,408.31,3.14,12.85,57.66,59.07,-37.38,23.43,-0.29,-0.03,17.00,5633.84,-75.00,0.00,0.00
184715.00,2019-07-02 21:29:28.715,18.56,1078.24,0.00,1.51,0.00,2.00,1.00,408.53,3.14,12.99,57.69,59.02,-37.28,23.43,-0.30,-0.02,17.00,5633.84,-75.00,0.00,0.00
184815.00,2019-07-02 21:29:28.815,18.56,1078.71,0.00,1.51,0.00,2.00,1.00,408.71,3.14,12.81,57.69,59.02,-37.28,23.43,-0.29,-0.02,17.00,5633.84,-75.00,0.00,0.00
184915.00,2019-07-02 21:29:28.915,18.55,1079.29,0.00,1.51,0.00,2.00,1.00,408.93,3.14,12.81,57.69,59.06,-37.23,23.33,-0.28,-0.01,17.00,5633.84,-75.00,0.00,0.00
185015.00,2019-07-02 21:29:29.015,18.47,1079.76,0.00,1.51,0.00,2.00,1.00,409.11,3.14,12.96,57.73,59.06,-37.23,23.33,-0.28,-0.01,17.00,5633.84,-75.00,0.00,0.00
185115.00,2019-07-02 21:29:29.115,18.49,1080.23,0.00,1.51,0.00,2.00,1.00,409.28,3.14,12.83,57.73,59.06,-37.23,23.33,-0.30,-0.02,17.00,5633.84,-75.00,0.00,0.00
185215.00,2019-07-02 21:29:29.215,18.49,1080.82,0.00,1.51,0.00,2.00,1.00,409.51,3.14,12.97,57.73,59.09,-37.20,23.33,-0.26,-0.02,17.00,5633.84,-75.00,0.00,0.00
185315.00,2019-07-02 21:29:29.315,18.43,1081.28,0.00,1.51,0.00,2.00,1.00,409.68,3.14,12.82,57.69,59.09,-37.20,23.45,-0.30,-0.03,17.00,5633.84,-75.00,0.00,0.00
185415.00,2019-07-02 21:29:29.415,18.47,1081.87,0.00,1.51,0.00,2.00,1.00,409.91,3.14,12.81,57.69,59.00,-37.15,23.45,-0.29,-0.03,17.00,5633.84,-75.00,0.00,0.00
185515.00,2019-07-02 21:29:29.515,18.41,1082.34,0.00,1.51,0.00,2.00,1.00,410.08,3.14,12.97,57.68,59.00,-37.15,23.45,-0.29,-0.03,17.00,5633.84,-75.00,0.00,0.00
185615.00,2019-07-02 21:29:29.615,18.38,1082.81,0.00,1.51,0.00,2.00,1.00,410.26,3.14,12.85,57.68,59.00,-37.15,23.45,-0.29,-0.02,17.00,5633.84,-75.00,0.00,0.00
185715.00,2019-07-02 21:29:29.715,18.36,1083.39,0.00,1.51,0.00,2.00,1.00,410.48,3.14,12.98,57.68,59.09,-37.06,23.45,-0.29,-0.03,17.00,5633.84,-75.00,0.00,0.00
185815.00,2019-07-02 21:29:29.815,18.41,1083.86,0.00,1.51,0.00,2.00,1.00,410.66,3.14,12.83,57.73,59.09,-37.06,23.45,-0.30,-0.02,17.00,5633.84,-75.00,0.00,0.00
185915.00,2019-07-02 21:29:29.915,18.41,1084.33,0.00,1.51,0.00,2.00,1.00,410.84,3.14,12.82,57.73,58.95,-37.06,23.45,-0.29,-0.02,17.00,5633.84,-75.00,0.00,0.00
186015.00,2019-07-02 21:29:30.015,18.31,1084.91,0.00,1.51,0.00,2.00,1.00,411.06,3.14,12.95,57.68,58.95,-37.01,23.45,-0.29,-0.03,17.00,5633.84,-75.00,0.00,0.00
186115.00,2019-07-02 21:29:30.115,18.39,1085.38,0.00,1.51,0.00,2.00,1.00,411.24,3.14,12.96,57.68,58.95,-37.01,23.60,-0.29,-0.02,17.00,5633.84,-75.00,0.00,0.00
186215.00,2019-07-02 21:29:30.215,18.31,1085.85,0.00,1.51,0.00,2.00,1.00,411.41,3.14,12.96,57.68,58.97,-36.89,23.60,-0.30,-0.03,17.00,5633.84,-75.00,0.00,0.00
186315.00,2019-07-02 21:29:30.315,18.32,1086.43,0.00,1.51,0.00,2.00,1.00,411.63,3.14,12.99,57.73,58.97,-36.89,23.60,-0.29,-0.03,17.00,5633.84,-75.00,0.00,0.00
186415.00,2019-07-02 21:29:30.415,18.25,1086.90,0.00,1.51,0.00,2.00,1.00,411.81,3.14,12.81,57.73,58.97,-36.89,23.60,-0.27,-0.03,17.00,5633.84,-75.00,0.00,0.00
186515.00,2019-07-02 21:29:30.515,18.27,1087.37,0.00,1.51,0.00,2.00,1.00,411.99,3.14,12.98,57.73,58.97,-36.88,23.49,-0.30,-0.02,17.00,5633.84,-75.00,0.00,0.00
186615.00,2019-07-02 21:29:30.615,18.29,1087.96,0.00,1.51,0.00,2.00,1.00,412.21,3.14,12.98,57.66,58.97,-36.88,23.49,-0.29,-0.02,17.00,5633.84,-75.00,0.00,0.00
186715.00,2019-07-02 21:29:30.715,18.25,1088.42,0.00,1.51,0.00,2.00,1.00,412.39,3.14,12.83,57.66,59.02,-36.77,23.49,-0.28,-0.03,17.00,5633.84,-75.00,0.00,0.00
186815.00,2019-07-02 21:29:30.815,18.27,1088.89,0.00,1.51,0.00,2.00,1.00,412.57,3.14,13.00,57.70,59.02,-36.77,23.49,-0.29,-0.02,17.00,5633.84,-75.00,0.00,0.00
186915.00,2019-07-02 21:29:30.915,18.24,1089.48,0.00,1.51,0.00,2.00,1.00,412.79,3.14,12.95,57.70,58.91,-36.77,23.72,-0.28,-0.02,17.00,5633.84,-75.00,0.00,0.00
187015.00,2019-07-02 21:29:31.015,18.12,1089.95,0.00,1.51,0.00,2.00,1.00,412.96,3.14,12.85,57.70,58.91,-36.74,23.72,-0.29,-0.03,17.00,5633.84,-75.00,0.00,0.00
187115.00,2019-07-02 21:29:31.115,18.19,1090.41,0.00,1.51,0.00,2.00,1.00,413.14,3.14,12.96,57.66,58.91,-36.74,23.72,-0.29,-0.03,17.00,5633.84,-75.00,0.00,0.00
187215.00,2019-07-02 21:29:31.215,18.18,1091.00,0.00,1.51,0.00,2.00,1.00,413.36,3.14,12.98,57.66,58.93,-36.74,23.72,-0.29,-0.03,17.00,5633.84,-75.00,0.00,0.00
187315.00,2019-07-02 21:29:31.315,18.17,1091.47,0.00,1.51,0.00,2.00,1.00,413.54,3.14,12.84,57.71,58.93,-36.69,23.72,-0.28,-0.02,17.00,5633.84,-75.00,0.00,0.00
187415.00,2019-07-02 21:29:31.415,18.17,1091.93,0.00,1.51,0.00,2.00,1.00,413.72,3.14,12.96,57.71,58.94,-36.69,23.72,-0.29,-0.02,17.00,5633.84,-75.00,0.00,0.00
187515.00,2019-07-02 21:29:31.515,18.16,1092.40,0.00,1.51,0.00,2.00,1.00,413.90,3.14,12.99,57.71,58.94,-36.53,23.72,-0.30,-0.03,17.00,5633.84,-75.00,0.00,0.00
187615.00,2019-07-02 21:29:31.615,19.84,1093.10,0.00,1.51,0.00,2.00,1.00,414.16,3.14,12.81,57.68,58.94,-36.53,23.72,-0.27,-0.01,17.00,5633.84,-75.00,0.00,0.00
187715.00,2019-07-02 21:29:31.715,19.12,1093.57,0.00,1.51,0.00,2.00,1.00,414.34,3.14,12.99,57.68,58.88,-36.53,23.88,-0.30,-0.04,17.00,5633.84,-75.00,0.00,0.00
187815.00,2019-07-02 21:29:31.815,18.74,1094.04,0.00,1.51,0.00,2.00,1.00,414.52,3.14,12.96,57.68,58.88,-36.46,23.88,-0.29,-0.02,17.00,5633.84,-75.00,0.00,0.00
187915.00,2019-07-02 21:29:31.915,18.39,1094.63,0.00,1.51,0.00,2.00,1.00,414.74,3.14,12.98,57.69,58.91,-36.46,23.88,-0.28,-0.03,17.00,5633.84,-75.00,0.00,0.00
188015.00,2019-07-02 21:29:32.015,20.04,1095.09,0.00,1.51,0.00,2.00,1.00,414.92,3.14,12.84,57.69,58.91,-36.49,23.88,-0.29,-0.03,17.00,5633.84,-75.00,0.00,0.00
188115.00,2019-07-02 21:29:32.115,19.25,1095.56,0.00,1.51,0.00,2.00,1.00,415.09,3.14,12.97,57.71,58.91,-36.49,24.02,-0.28,-0.01,17.00,5633.84,-75.00,0.00,0.00
188215.00,2019-07-02 21:29:32.215,18.74,1096.03,0.00,1.51,0.00,2.00,1.00,415.27,3.14,12.99,57.71,58.87,-36.49,24.02,-0.30,-0.03,17.00,5633.84,-75.00,0.00,0.00
188315.00,2019-07-02 21:29:32.315,18.43,1096.62,0.00,1.51,0.00,2.00,1.00,415.49,3.14,12.96,57.71,58.87,-36.36,24.02,-0.28,-0.02,17.00,5633.84,-75.00,0.00,0.00
188415.00,2019-07-02 21:29:32.415,18.22,1097.08,0.00,1.51,0.00,2.00,1.00,415.67,3.14,12.98,57.69,58.93,-36.36,24.02,-0.28,-0.03,17.00,5633.84,-75.00,0.00,0.00
188515.00,2019-07-02 21:29:32.515,18.10,1097.55,0.00,1.51,0.00,2.00,1.00,415.85,3.14,12.96,57.69,58.93,-36.36,24.25,-0.28,-0.02,17.00,5633.84,-75.00,0.00,0.00
188615.00,2019-07-02 21:29:32.615,18.03,1098.02,0.00,1.51,0.00,2.00,1.00,416.02,3.14,12.85,57.73,58.93,-36.45,24.25,-0.29,-0.03,17.00,5633.84,-75.00,0.00,0.00
188715.00,2019-07-02 21:29:32.715,18.07,1098.61,0.00,1.51,0.00,2.00,1.00,416.25,3.14,12.98,57.73,58.97,-36.45,24.25,-0.30,-0.02,17.00,5633.84,-75.00,0.00,0.00
188815.00,2019-07-02 21:29:32.815,17.99,1099.07,0.00,1.51,0.00,2.00,1.00,416.42,3.14,12.96,57.73,58.97,-36.28,24.25,-0.26,-0.02,17.00,5633.84,-75.00,0.00,0.00
188915.00,2019-07-02 21:29:32.915,17.94,1099.54,0.00,1.51,0.00,2.00,1.00,416.60,3.14,12.98,57.69,58.84,-36.28,24.53,-0.31,-0.02,17.00,5633.84,-75.00,0.00,0.00
189015.00,2019-07-02 21:29:33.015,17.91,1100.01,0.00,1.51,0.00,2.00,1.00,416.78,3.14,12.98,57.69,58.84,-36.28,24.53,-0.29,-0.02,17.00,5633.84,-75.00,0.00,0.00
189115.00,2019-07-02 21:29:33.115,17.90,1100.60,0.00,1.51,0.00,2.00,1.00,417.00,3.14,12.83,57.69,58.84,-36.23,24.53,-0.28,-0.04,17.00,5633.84,-75.00,0.00,0.00
189215.00,2019-07-02 21:29:33.215,17.89,1101.06,0.00,1.51,0.00,2.00,1.00,417.18,3.14,12.99,57.76,58.91,-36.23,24.53,-0.31,-0.03,17.00,5633.84,-75.00,0.00,0.00
189315.00,2019-07-02 21:29:33.315,17.84,1101.53,0.00,1.51,0.00,2.00,1.00,417.35,3.14,12.95,57.76,58.91,-36.07,24.64,-0.28,-0.03,17.00,5633.84,-75.00,0.00,0.00
189415.00,2019-07-02 21:29:33.415,17.88,1102.00,0.00,1.51,0.00,2.00,1.00,417.53,3.14,12.85,57.73,58.87,-36.07,24.64,-0.31,-0.02,17.00,5633.84,-75.00,0.00,0.00
189515.00,2019-07-02 21:29:33.515,17.84,1102.58,0.00,1.51,0.00,2.00,1.00,417.75,3.14,12.96,57.73,58.87,-36.07,24.64,-0.29,-0.02,17.00,5633.84,-75.00,0.00,0.00
189615.00,2019-07-02 21:29:33.615,17.84,1103.05,0.00,1.51,0.00,2.00,1.00,417.93,3.14,12.98,57.73,58.87,-36.05,24.64,-0.27,-0.02,17.00,5633.84,-75.00,0.00,0.00
189715.00,2019-07-02 21:29:33.715,17.82,1103.52,0.00,1.51,0.00,2.00,1.00,418.11,3.14,12.84,57.70,58.77,-36.05,24.70,-0.29,-0.03,17.00,5633.84,-75.00,0.00,0.00
189815.00,2019-07-02 21:29:33.815,17.80,1103.99,0.00,1.51,0.00,2.00,1.00,418.29,3.14,12.96,57.70,58.77,-36.05,24.70,-0.29,-0.03,17.00,5633.84,-75.00,0.00,0.00
189915.00,2019-07-02 21:29:33.915,17.81,1104.46,0.00,1.51,0.00,2.00,1.00,418.46,3.14,12.98,57.73,58.89,-35.95,24.70,-0.30,-0.03,17.00,5633.84,-75.00,0.00,0.00
190015.00,2019-07-02 21:29:34.015,17.75,1105.04,0.00,1.51,0.00,2.00,1.00,418.68,3.14,12.99,57.73,58.89,-35.95,24.70,-0.26,-0.03,17.00,5633.84,-75.00,0.00,0.00
190115.00,2019-07-02 21:29:34.115,17.78,1105.51,0.00,1.51,0.00,2.00,1.00,418.86,3.14,12.99,57.73,58.89,-35.87,24.98,-0.30,-0.02,17.00,5633.84,-75.00,0.00,0.00
190215.00,2019-07-02 21:29:34.215,17.69,1105.98,0.00,1.51,0.00,2.00,1.00,419.04,3.14,12.83,57.76,58.87,-35.87,24.98,-0.29,-0.03,17.00,5633.84,-75.00,0.00,0.00
190315.00,2019-07-02 21:29:34.315,17.71,1106.45,0.00,1.51,0.00,2.00,1.00,419.22,3.14,12.97,57.76,58.87,-35.87,24.98,-0.28,-0.03,17.00,5633.84,-75.00,0.00,0.00
190415.00,2019-07-02 21:29:34.415,17.71,1106.92,0.00,1.51,0.00,2.00,1.00,419.39,3.14,12.99,57.76,58.84,-35.83,24.98,-0.27,-0.03,17.00,5633.84,-75.00,0.00,0.00
190515.00,2019-07-02 21:29:34.515,17.67,1107.50,0.00,1.51,0.00,2.00,1.00,419.62,3.14,12.81,57.75,58.84,-35.83,24.91,-0.28,-0.03,17.00,5633.84,-75.00,0.00,0.00
190615.00,2019-07-02 21:29:34.615,17.70,1107.97,0.00,1.51,0.00,2.00,1.00,419.79,3.14,12.99,57.75,58.84,-35.79,24.91,-0.30,-0.02,17.00,5633.84,-75.00,0.00,0.00
190715.00,2019-07-02 21:29:34.715,17.65,1108.44,0.00,1.51,0.00,2.00,1.00,419.97,3.14,12.96,57.75,58.84,-35.79,24.91,-0.28,-0.03,17.00,5633.84,-75.00,0.00,0.00
190815.00,2019-07-02 21:29:34.815,17.61,1108.90,0.00,1.51,0.00,2.00,1.00,420.15,3.14,12.85,57.75,58.84,-35.79,24.91,-0.31,-0.01,17.00,5633.84,-75.00,0.00,0.00
190915.00,2019-07-02 21:29:34.915,17.59,1109.37,0.00,1.51,0.00,2.00,1.00,420.33,3.14,12.99,57.75,58.86,-35.73,25.08,-0.30,-0.03,17.00,5633.84,-75.00,0.00,0.00
191015.00,2019-07-02 21:29:35.015,17.65,1109.84,0.00,1.51,0.00,2.00,1.00,420.50,3.14,12.82,57.80,58.86,-35.73,25.08,-0.28,-0.02,17.00,5633.84,-75.00,0.00,0.00
191115.00,2019-07-02 21:29:35.115,17.60,1110.43,0.00,1.51,0.00,2.00,1.00,420.72,3.14,12.99,57.80,58.86,-35.73,25.08,-0.29,-0.03,17.00,5633.84,-75.00,0.00,0.00
191215.00,2019-07-02 21:29:35.215,17.53,1110.89,0.00,1.51,0.00,2.00,1.00,420.90,3.14,12.96,57.77,58.77,-35.71,25.08,-0.26,-0.03,17.00,5633.84,-75.00,0.00,0.00
191315.00,2019-07-02 21:29:35.315,17.59,1111.36,0.00,1.51,0.00,2.00,1.00,421.08,3.14,12.96,57.77,58.77,-35.71,25.02,-0.31,-0.02,17.00,5633.84,-75.00,0.00,0.00
191415.00,2019-07-02 21:29:35.415,17.54,1111.83,0.00,1.51,0.00,2.00,1.00,421.26,3.14,12.98,57.77,58.87,-35.62,25.02,-0.28,-0.03,17.00,5633.84,-75.00,0.00,0.00
191515.00,2019-07-02 21:29:35.515,17.55,1112.30,0.00,1.51,0.00,2.00,1.00,421.43,3.14,12.83,57.80,58.87,-35.62,25.02,-0.29,-0.02,17.00,5633.84,-75.00,0.00,0.00
191615.00,2019-07-02 21:29:35.615,17.47,1112.77,0.00,1.51,0.00,2.00,1.00,421.61,3.14,12.99,57.80,58.87,-35.62,25.02,-0.29,-0.04,17.00,5633.84,-75.00,0.00,0.00
191715.00,2019-07-02 21:29:35.715,17.50,1113.35,0.00,1.51,0.00,2.00,1.00,421.83,3.14,12.95,57.80,58.75,-35.62,25.08,-0.30,-0.04,17.00,5633.84,-75.00,0.00,0.00
191815.00,2019-07-02 21:29:35.815,17.52,1113.82,0.00,1.51,0.00,2.00,1.00,422.01,3.14,12.85,57.80,58.75,-35.62,25.08,-0.30,-0.03,17.00,5633.84,-75.00,0.00,0.00
191915.00,2019-07-02 21:29:35.915,17.49,1114.29,0.00,1.51,0.00,2.00,1.00,422.19,3.14,12.96,57.80,58.84,-35.47,25.08,-0.30,-0.02,17.00,5633.84,-75.00,0.00,0.00
192015.00,2019-07-02 21:29:36.015,17.45,1114.76,0.00,1.51,0.00,2.00,1.00,422.37,3.14,12.99,57.77,58.84,-35.47,25.08,-0.30,-0.02,17.00,5633.84,-75.00,0.00,0.00
192115.00,2019-07-02 21:29:36.115,17.48,1115.22,0.00,1.51,0.00,2.00,1.00,422.54,3.14,12.82,57.77,58.84,-35.47,25.08,-0.29,-0.02,17.00,5633.84,-75.00,0.00,0.00
192215.00,2019-07-02 21:29:36.215,17.45,1115.69,0.00,1.51,0.00,2.00,1.00,422.72,3.14,12.96,57.77,58.84,-35.42,25.08,-0.29,-0.04,17.00,5633.84,-75.00,0.00,0.00
192315.00,2019-07-02 21:29:36.315,17.45,1116.16,0.00,1.51,0.00,2.00,1.00,422.90,3.14,12.85,57.80,58.84,-35.42,25.08,-0.31,-0.03,17.00,5633.84,-75.00,0.00,0.00
192415.00,2019-07-02 21:29:36.415,17.44,1116.75,0.00,1.51,0.00,2.00,1.00,423.12,3.14,12.96,57.80,58.88,-35.42,25.08,-0.27,-0.03,17.00,5633.84,-75.00,0.00,0.00
192515.00,2019-07-02 21:29:36.515,17.42,1117.21,0.00,1.51,0.00,2.00,1.00,423.30,3.14,13.00,57.84,58.88,-35.45,25.11,-0.30,-0.02,17.00,5633.84,-75.00,0.00,0.00
192615.00,2019-07-02 21:29:36.615,17.37,1117.68,0.00,1.51,0.00,2.00,1.00,423.47,3.14,12.98,57.84,58.88,-35.45,25.11,-0.28,-0.03,17.00,5633.84,-75.00,0.00,0.00
192715.00,2019-07-02 21:29:36.715,17.37,1118.15,0.00,1.51,0.00,2.00,1.00,423.65,3.14,12.97,57.84,58.81,-35.40,25.11,-0.29,-0.03,17.00,5633.84,-75.00,0.00,0.00
192815.00,2019-07-02 21:29:36.815,17.37,1118.62,0.00,1.51,0.00,2.00,1.00,423.83,3.14,12.86,57.76,58.81,-35.40,25.11,-0.29,-0.04,17.00,5633.84,-75.00,0.00,0.00
192915.00,2019-07-02 21:29:36.915,17.33,1119.09,0.00,1.51,0.00,2.00,1.00,424.01,3.14,12.95,57.76,58.81,-35.40,25.41,-0.28,-0.03,17.00,5633.84,-75.00,0.00,0.00
193015.00,2019-07-02 21:29:37.015,17.36,1119.55,0.00,1.51,0.00,2.00,1.00,424.18,3.14,12.99,57.76,58.81,-35.36,25.41,-0.30,-0.03,17.00,5633.84,-75.00,0.00,0.00
193115.00,2019-07-02 21:29:37.115,17.30,1120.02,0.00,1.51,0.00,2.00,1.00,424.36,3.14,12.99,57.82,58.81,-35.36,25.41,-0.29,-0.03,17.00,5633.84,-75.00,0.00,0.00
193215.00,2019-07-02 21:29:37.215,17.32,1120.49,0.00,1.51,0.00,2.00,1.00,424.54,3.14,12.99,57.82,58.79,-35.20,25.41,-0.29,-0.03,17.00,5633.84,-75.00,0.00,0.00
193315.00,2019-07-02 21:29:37.315,17.28,1120.96,0.00,1.51,0.00,2.00,1.00,424.72,3.14,12.96,57.82,58.79,-35.20,25.59,-0.29,-0.03,17.00,5633.84,-75.00,0.00,0.00
193415.00,2019-07-02 21:29:37.415,17.27,1121.54,0.00,1.51,0.00,2.00,1.00,424.94,3.14,12.96,57.82,58.82,-35.20,25.59,-0.28,-0.03,17.00,5633.84,-75.00,0.00,0.00
193515.00,2019-07-02 21:29:37.515,17.27,1122.01,0.00,1.51,0.00,2.00,1.00,425.11,3.14,12.99,57.82,58.82,-35.23,25.59,-0.29,-0.03,17.00,5633.84,-75.00,0.00,0.00
193615.00,2019-07-02 21:29:37.615,17.25,1122.48,0.00,1.51,0.00,2.00,1.00,425.29,3.14,12.83,57.80,58.82,-35.23,25.59,-0.27,-0.03,17.00,5633.84,-75.00,0.00,0.00
193715.00,2019-07-02 21:29:37.715,17.24,1122.95,0.00,1.51,0.00,2.00,1.00,425.47,3.14,12.98,57.80,58.84,-35.23,25.80,-0.32,-0.03,17.00,5633.84,-75.00,0.00,0.00
193815.00,2019-07-02 21:29:37.815,17.18,1123.42,0.00,1.51,0.00,2.00,1.00,425.65,3.14,12.83,57.76,58.84,-35.12,25.80,-0.29,-0.03,17.00,5633.84,-75.00,0.00,0.00
193915.00,2019-07-02 21:29:37.915,17.18,1123.89,0.00,1.51,0.00,2.00,1.00,425.82,3.14,12.97,57.76,58.77,-35.12,25.80,-0.28,-0.03,17.00,5633.84,-75.00,0.00,0.00
194015.00,2019-07-02 21:29:38.015,17.17,1124.35,0.00,1.51,0.00,2.00,1.00,426.00,3.14,13.00,57.76,58.77,-35.08,25.80,-0.29,-0.03,17.00,5633.84,-75.00,0.00,0.00
194115.00,2019-07-02 21:29:38.115,17.14,1124.82,0.00,1.51,0.00,2.00,1.00,426.18,3.14,12.81,57.80,58.77,-35.08,25.81,-0.28,-0.03,17.00,5633.84,-75.00,0.00,0.00
194215.00,2019-07-02 21:29:38.215,17.16,1125.29,0.00,1.51,0.00,2.00,1.00,426.36,3.14,12.99,57.80,58.82,-35.08,25.81,-0.29,-0.03,17.00,5633.84,-75.00,0.00,0.00
194315.00,2019-07-02 21:29:38.315,17.17,1125.76,0.00,1.51,0.00,2.00,1.00,426.53,3.14,12.97,57.80,58.82,-35.02,25.81,-0.29,-0.04,17.00,5633.84,-75.00,0.00,0.00
194415.00,2019-07-02 21:29:38.415,17.11,1126.23,0.00,1.51,0.00,2.00,1.00,426.71,3.14,12.84,57.91,58.79,-35.02,25.81,-0.30,-0.03,17.00,5633.84,-75.00,0.00,0.00
194515.00,2019-07-02 21:29:38.515,17.11,1126.69,0.00,1.51,0.00,2.00,1.00,426.89,3.14,12.96,57.91,58.79,-34.99,25.74,-0.30,-0.03,17.00,5633.84,-75.00,0.00,0.00
194615.00,2019-07-02 21:29:38.615,17.08,1127.16,0.00,1.51,0.00,2.00,1.00,427.07,3.14,12.96,57.80,58.79,-34.99,25.74,-0.30,-0.04,17.00,5633.84,-75.00,0.00,0.00
194715.00,2019-07-02 21:29:38.715,17.11,1127.63,0.00,1.51,0.00,2.00,1.00,427.24,3.14,12.85,57.80,58.84,-34.99,25.74,-0.29,-0.03,17.00,5633.84,-75.00,0.00,0.00
194815.00,2019-07-02 21:29:38.815,17.09,1128.10,0.00,1.51,0.00,2.00,1.00,427.42,3.14,12.96,57.80,58.84,-34.94,25.74,-0.26,-0.03,17.00,5633.84,-75.00,0.00,0.00
194915.00,2019-07-02 21:29:38.915,17.02,1128.57,0.00,1.51,0.00,2.00,1.00,427.60,3.14,12.98,57.88,58.74,-34.94,25.77,-0.31,-0.03,17.00,5633.84,-75.00,0.00,0.00
195015.00,2019-07-02 21:29:39.015,17.05,1129.15,0.00,1.51,0.00,2.00,1.00,427.82,3.14,12.83,57.88,58.74,-34.94,25.77,-0.29,-0.03,17.00,5633.84,-75.00,0.00,0.00
195115.00,2019-07-02 21:29:39.115,17.05,1129.62,0.00,1.51,0.00,2.00,1.00,428.00,3.14,12.98,57.88,58.74,-34.90,25.77,-0.28,-0.03,17.00,5633.84,-75.00,0.00,0.00
195215.00,2019-07-02 21:29:39.215,17.03,1130.09,0.00,1.51,0.00,2.00,1.00,428.17,3.14,13.00,57.84,58.75,-34.90,25.77,-0.29,-0.02,17.00,5633.84,-75.00,0.00,0.00
195315.00,2019-07-02 21:29:39.315,17.00,1130.56,0.00,1.51,0.00,2.00,1.00,428.35,3.14,12.81,57.84,58.75,-34.77,25.81,-0.28,-0.03,17.00,5633.84,-75.00,0.00,0.00
195415.00,2019-07-02 21:29:39.415,17.02,1131.02,0.00,1.51,0.00,2.00,1.00,428.53,3.14,12.99,57.84,58.73,-34.77,25.81,-0.29,-0.02,17.00,5633.84,-75.00,0.00,0.00
195515.00,2019-07-02 21:29:39.515,16.96,1131.49,0.00,1.51,0.00,2.00,1.00,428.71,3.14,12.97,57.84,58.73,-34.77,25.81,-0.27,-0.03,17.00,5633.84,-75.00,0.00,0.00
195615.00,2019-07-02 21:29:39.615,16.97,1131.96,0.00,1.51,0.00,2.00,1.00,428.88,3.14,12.85,57.84,58.73,-34.71,25.81,-0.28,-0.02,17.00,5633.84,-75.00,0.00,0.00
195715.00,2019-07-02 21:29:39.715,16.97,1132.43,0.00,1.51,0.00,2.00,1.00,429.06,3.14,12.96,57.78,58.74,-34.71,25.91,-0.29,-0.01,17.00,5633.84,-75.00,0.00,0.00
195815.00,2019-07-02 21:29:39.815,16.92,1132.90,0.00,1.51,0.00,2.00,1.00,429.24,3.14,12.98,57.78,58.74,-34.71,25.91,-0.28,-0.02,17.00,5633.84,-75.00,0.00,0.00
195915.00,2019-07-02 21:29:39.915,16.90,1133.36,0.00,1.51,0.00,2.00,1.00,429.42,3.14,13.00,57.91,58.68,-34.71,25.91,-0.30,-0.02,17.00,5633.84,-75.00,0.00,0.00
196015.00,2019-07-02 21:29:40.015,16.93,1133.83,0.00,1.51,0.00,2.00,1.00,429.59,3.14,12.96,57.91,58.68,-34.71,25.91,-0.27,-0.02,17.00,5633.84,-75.00,0.00,0.00
196115.00,2019-07-02 21:29:40.115,16.92,1134.30,0.00,1.51,0.00,2.00,1.00,429.77,3.14,12.84,57.91,58.68,-34.66,25.85,-0.31,-0.03,17.00,5633.84,-75.00,0.00,0.00
196215.00,2019-07-02 21:29:40.215,16.86,1134.77,0.00,1.51,0.00,2.00,1.00,429.95,3.14,12.98,57.86,58.79,-34.66,25.85,-0.29,-0.02,17.00,5633.84,-75.00,0.00,0.00
196315.00,2019-07-02 21:29:40.315,16.86,1135.24,0.00,1.51,0.00,2.00,1.00,430.13,3.14,12.97,57.86,58.79,-34.66,25.85,-0.28,-0.03,17.00,5633.84,-75.00,0.00,0.00
196415.00,2019-07-02 21:29:40.415,16.84,1135.71,0.00,1.51,0.00,2.00,1.00,430.30,3.14,12.86,57.86,58.68,-34.61,25.85,-0.29,-0.03,17.00,5633.84,-75.00,0.00,0.00
196515.00,2019-07-02 21:29:40.515,18.21,1136.17,0.00,1.51,0.00,2.00,1.00,430.48,3.14,12.95,57.86,58.68,-34.61,25.74,-0.28,-0.03,17.00,5633.84,-75.00,0.00,0.00
196615.00,2019-07-02 21:29:40.615,17.61,1136.64,0.00,1.51,0.00,2.00,1.00,430.66,3.14,12.99,57.86,58.68,-34.58,25.74,-0.31,-0.03,17.00,5633.84,-75.00,0.00,0.00
196715.00,2019-07-02 21:29:40.715,17.31,1137.11,0.00,1.51,0.00,2.00,1.00,430.83,3.14,12.82,57.86,58.70,-34.58,25.74,-0.29,-0.03,17.00,5633.84,-75.00,0.00,0.00
196815.00,2019-07-02 21:29:40.815,17.07,1137.58,0.00,1.51,0.00,2.00,1.00,431.01,3.14,12.99,57.86,58.70,-34.58,25.74,-0.29,-0.03,17.00,5633.84,-75.00,0.00,0.00
196915.00,2019-07-02 21:29:40.915,16.98,1138.05,0.00,1.51,0.00,2.00,1.00,431.19,3.14,12.85,57.86,58.73,-34.50,25.70,-0.29,-0.02,17.00,5633.84,-75.00,0.00,0.00
197015.00,2019-07-02 21:29:41.015,16.80,1138.51,0.00,1.51,0.00,2.00,1.00,431.37,3.14,12.84,57.84,58.73,-34.50,25.70,-0.29,-0.03,17.00,5633.84,-75.00,0.00,0.00
197115.00,2019-07-02 21:29:41.115,16.82,1138.87,0.00,1.51,0.00,2.00,1.00,431.50,3.14,12.98,57.84,58.73,-34.44,25.70,-0.31,-0.02,17.00,5633.84,-75.00,0.00,0.00
197215.00,2019-07-02 21:29:41.215,19.41,1139.57,0.00,1.51,0.00,2.00,1.00,431.77,3.14,12.97,57.84,58.66,-34.44,25.70,-0.26,-0.02,17.00,5633.84,-75.00,0.00,0.00
197315.00,2019-07-02 21:29:41.315,18.32,1140.04,0.00,1.51,0.00,2.00,1.00,431.94,3.14,12.99,57.84,58.66,-34.44,25.56,-0.31,-0.03,17.00,5633.84,-75.00,0.00,0.00
197415.00,2019-07-02 21:29:41.415,17.67,1140.50,0.00,1.51,0.00,2.00,1.00,432.12,3.14,12.95,57.84,58.65,-34.44,25.56,-0.29,-0.03,17.00,5633.84,-75.00,0.00,0.00
197515.00,2019-07-02 21:29:41.515,17.28,1140.97,0.00,1.51,0.00,2.00,1.00,432.30,3.14,12.97,57.87,58.65,-34.44,25.56,-0.28,-0.02,17.00,5633.84,-75.00,0.00,0.00
197615.00,2019-07-02 21:29:41.615,17.06,1141.44,0.00,1.51,0.00,2.00,1.00,432.48,3.14,13.00,57.87,58.65,-34.44,25.56,-0.29,-0.02,17.00,5633.84,-75.00,0.00,0.00
197715.00,2019-07-02 21:29:41.715,16.85,1141.91,0.00,1.51,0.00,2.00,1.00,432.65,3.14,12.81,57.84,58.77,-34.30,25.73,-0.28,-0.02,17.00,5633.84,-75.00,0.00,0.00
197815.00,2019-07-02 21:29:41.815,16.77,1142.38,0.00,1.51,0.00,2.00,1.00,432.83,3.14,12.99,57.84,58.77,-34.30,25.73,-0.30,-0.02,17.00,5633.84,-75.00,0.00,0.00
197915.00,2019-07-02 21:29:41.915,16.67,1142.84,0.00,1.51,0.00,2.00,1.00,433.01,3.14,12.97,57.84,58.67,-34.29,25.73,-0.28,-0.03,17.00,5633.84,-75.00,0.00,0.00
198015.00,2019-07-02 21:29:42.015,16.68,1143.31,0.00,1.51,0.00,2.00,1.00,433.18,3.14,12.85,57.88,58.67,-34.29,25.73,-0.28,-0.02,17.00,5633.84,-75.00,0.00,0.00
198115.00,2019-07-02 21:29:42.115,16.63,1143.78,0.00,1.51,0.00,2.00,1.00,433.36,3.14,12.96,57.88,58.67,-34.29,25.83,-0.29,-0.02,17.00,5633.84,-75.00,0.00,0.00
198215.00,2019-07-02 21:29:42.215,16.60,1144.25,0.00,1.51,0.00,2.00,1.00,433.54,3.14,12.98,57.88,58.68,-34.25,25.83,-0.28,-0.03,17.00,5633.84,-75.00,0.00,0.00
198315.00,2019-07-02 21:29:42.315,16.57,1144.72,0.00,1.51,0.00,2.00,1.00,433.72,3.14,12.99,57.94,58.68,-34.25,25.83,-0.30,-0.02,17.00,5633.84,-75.00,0.00,0.00
198415.00,2019-07-02 21:29:42.415,16.60,1145.19,0.00,1.51,0.00,2.00,1.00,433.89,3.14,12.96,57.94,58.68,-34.12,25.83,-0.27,-0.04,17.00,5633.84,-75.00,0.00,0.00
198515.00,2019-07-02 21:29:42.515,16.50,1145.65,0.00,1.51,0.00,2.00,1.00,434.07,3.14,12.96,57.88,58.68,-34.12,25.92,-0.30,-0.02,17.00,5633.84,-75.00,0.00,0.00
198615.00,2019-07-02 21:29:42.615,16.50,1146.12,0.00,1.51,0.00,2.00,1.00,434.25,3.14,13.00,57.88,58.68,-34.12,25.92,-0.29,-0.02,17.00,5633.84,-75.00,0.00,0.00
198715.00,2019-07-02 21:29:42.715,16.50,1146.47,0.00,1.51,0.00,2.00,1.00,434.38,3.14,12.99,57.88,58.63,-34.16,25.92,-0.29,-0.02,17.00,5633.84,-75.00,0.00,0.00
198815.00,2019-07-02 21:29:42.815,16.51,1146.94,0.00,1.51,0.00,2.00,1.00,434.56,3.14,12.82,57.87,58.63,-34.16,25.92,-0.30,-0.02,17.00,5633.84,-75.00,0.00,0.00
198915.00,2019-07-02 21:29:42.915,16.49,1147.41,0.00,1.51,0.00,2.00,1.00,434.74,3.14,12.98,57.87,58.66,-34.16,26.01,-0.28,-0.02,17.00,5633.84,-75.00,0.00,0.00
199015.00,2019-07-02 21:29:43.015,16.47,1147.88,0.00,1.51,0.00,2.00,1.00,434.91,3.14,12.85,57.89,58.66,-34.11,26.01,-0.31,-0.02,17.00,5633.84,-75.00,0.00,0.00
199115.00,2019-07-02 21:29:43.115,16.47,1148.35,0.00,1.51,0.00,2.00,1.00,435.09,3.14,12.97,57.89,58.66,-34.11,26.01,-0.29,-0.03,17.00,5633.84,-75.00,0.00,0.00
199215.00,2019-07-02 21:29:43.215,16.45,1148.81,0.00,1.51,0.00,2.00,1.00,435.27,3.14,12.99,57.89,58.55,-33.98,26.01,-0.29,-0.03,17.00,5633.84,-75.00,0.00,0.00
199315.00,2019-07-02 21:29:43.315,16.46,1149.28,0.00,1.51,0.00,2.00,1.00,435.45,3.14,12.99,57.95,58.55,-33.98,26.09,-0.29,-0.02,17.00,5633.84,-75.00,0.00,0.00
199415.00,2019-07-02 21:29:43.415,16.44,1149.75,0.00,1.51,0.00,2.00,1.00,435.62,3.14,12.99,57.95,58.61,-33.98,26.09,-0.28,-0.02,17.00,5633.84,-75.00,0.00,0.00
199515.00,2019-07-02 21:29:43.515,16.41,1150.22,0.00,1.51,0.00,2.00,1.00,435.80,3.14,12.84,57.95,58.61,-33.98,26.09,-0.29,-0.02,17.00,5633.84,-75.00,0.00,0.00
199615.00,2019-07-02 21:29:43.615,16.39,1150.69,0.00,1.51,0.00,2.00,1.00,435.98,3.14,12.82,57.87,58.61,-33.98,26.09,-0.26,-0.02,17.00,5633.84,-75.00,0.00,0.00
199715.00,2019-07-02 21:29:43.715,16.41,1151.04,0.00,1.51,0.00,2.00,1.00,436.11,3.14,12.98,57.87,58.67,-33.90,26.13,-0.30,-0.03,17.00,5633.84,-75.00,0.00,0.00
199815.00,2019-07-02 21:29:43.815,16.36,1151.51,0.00,1.51,0.00,2.00,1.00,436.29,3.14,12.83,57.96,58.67,-33.90,26.13,-0.29,-0.02,17.00,5633.84,-75.00,0.00,0.00
199915.00,2019-07-02 21:29:43.915,16.36,1151.97,0.00,1.51,0.00,2.00,1.00,436.47,3.14,12.97,57.96,58.75,-33.90,26.13,-0.28,-0.02,17.00,5633.84,-75.00,0.00,0.00
200015.00,2019-07-02 21:29:44.015,16.34,1152.44,0.00,1.51,0.00,2.00,1.00,436.64,3.14,12.85,57.96,58.75,-33.83,26.13,-0.29,-0.03,17.00,5633.84,-75.00,0.00,0.00
200115.00,2019-07-02 21:29:44.115,16.36,1152.91,0.00,1.51,0.00,2.00,1.00,436.82,3.14,12.84,57.91,58.75,-33.83,26.09,-0.28,-0.02,17.00,5633.84,-75.00,0.00,0.00
200215.00,2019-07-02 21:29:44.215,16.30,1153.38,0.00,1.51,0.00,2.00,1.00,437.00,3.14,12.97,57.91,58.63,-33.83,26.09,-0.29,-0.03,17.00,5633.84,-75.00,0.00,0.00
200315.00,2019-07-02 21:29:44.315,16.34,1153.85,0.00,1.51,0.00,2.00,1.00,437.18,3.14,12.85,57.95,58.63,-33.75,26.09,-0.26,-0.02,17.00,5633.84,-75.00,0.00,0.00
200415.00,2019-07-02 21:29:44.415,16.28,1154.31,0.00,1.51,0.00,2.00,1.00,437.35,3.14,12.85,57.95,58.63,-33.75,26.09,-0.28,-0.02,17.00,5633.84,-75.00,0.00,0.00
200515.00,2019-07-02 21:29:44.515,16.26,1154.67,0.00,1.51,0.00,2.00,1.00,437.49,3.14,12.99,57.95,58.63,-33.77,26.32,-0.28,-0.02,17.00,5633.84,-75.00,0.00,0.00
200615.00,2019-07-02 21:29:44.615,16.28,1155.13,0.00,1.51,0.00,2.00,1.00,437.66,3.14,12.81,57.95,58.63,-33.77,26.32,-0.28,-0.03,17.00,5633.84,-75.00,0.00,0.00
200715.00,2019-07-02 21:29:44.715,16.25,1155.60,0.00,1.51,0.00,2.00,1.00,437.84,3.14,12.99,57.95,58.59,-33.77,26.32,-0.29,-0.03,17.00,5633.84,-75.00,0.00,0.00
200815.00,2019-07-02 21:29:44.815,16.23,1156.07,0.00,1.51,0.00,2.00,1.00,438.02,3.14,12.96,57.95,58.59,-33.70,26.32,-0.29,-0.02,17.00,5633.84,-75.00,0.00,0.00
200915.00,2019-07-02 21:29:44.915,16.24,1156.54,0.00,1.51,0.00,2.00,1.00,438.20,3.14,12.85,57.98,58.61,-33.70,26.16,-0.31,-0.03,17.00,5633.84,-75.00,0.00,0.00
201015.00,2019-07-02 21:29:45.015,16.21,1157.01,0.00,1.51,0.00,2.00,1.00,438.37,3.14,12.99,57.98,58.61,-33.63,26.16,-0.30,-0.03,17.00,5633.84,-75.00,0.00,0.00
201115.00,2019-07-02 21:29:45.115,16.21,1157.36,0.00,1.51,0.00,2.00,1.00,438.51,3.14,12.81,57.95,58.61,-33.63,26.16,-0.28,-0.03,17.00,5633.84,-75.00,0.00,0.00
201215.00,2019-07-02 21:29:45.215,16.19,1157.83,0.00,1.51,0.00,2.00,1.00,438.68,3.14,12.82,57.95,58.70,-33.63,26.16,-0.29,-0.02,17.00,5633.84,-75.00,0.00,0.00
201315.00,2019-07-02 21:29:45.315,16.21,1158.29,0.00,1.51,0.00,2.00,1.00,438.86,3.14,12.95,57.95,58.70,-33.63,25.88,-0.29,-0.02,17.00,5633.84,-75.00,0.00,0.00
201415.00,2019-07-02 21:29:45.415,16.15,1158.76,0.00,1.51,0.00,2.00,1.00,439.04,3.14,12.84,57.96,58.63,-33.63,25.88,-0.29,-0.03,17.00,5633.84,-75.00,0.00,0.00
201515.00,2019-07-02 21:29:45.515,16.14,1159.23,0.00,1.51,0.00,2.00,1.00,439.22,3.14,12.97,57.96,58.63,-33.63,25.88,-0.27,-0.03,17.00,5633.84,-75.00,0.00,0.00
201615.00,2019-07-02 21:29:45.615,16.13,1159.70,0.00,1.51,0.00,2.00,1.00,439.39,3.14,12.97,58.00,58.63,-33.55,25.88,-0.29,-0.03,17.00,5633.84,-75.00,0.00,0.00
201715.00,2019-07-02 21:29:45.715,16.14,1160.05,0.00,1.51,0.00,2.00,1.00,439.53,3.14,12.82,58.00,58.65,-33.55,25.66,-0.29,-0.02,17.00,5633.84,-75.00,0.00,0.00
201815.00,2019-07-02 21:29:45.815,16.11,1160.52,0.00,1.51,0.00,2.00,1.00,439.70,3.14,12.99,58.00,58.65,-33.49,25.66,-0.28,-0.02,17.00,5633.84,-75.00,0.00,0.00
201915.00,2019-07-02 21:29:45.915,16.10,1160.99,0.00,1.51,0.00,2.00,1.00,439.88,3.14,12.84,57.95,58.58,-33.49,25.66,-0.28,-0.03,17.00,5633.84,-75.00,0.00,0.00
202015.00,2019-07-02 21:29:46.015,16.08,1161.45,0.00,1.51,0.00,2.00,1.00,440.06,3.14,12.82,57.95,58.58,-33.49,25.66,-0.29,-0.03,17.00,5633.84,-75.00,0.00,0.00
202115.00,2019-07-02 21:29:46.115,16.04,1161.92,0.00,1.51,0.00,2.00,1.00,440.24,3.14,12.99,57.95,58.58,-33.50,25.50,-0.33,-0.03,17.00,5633.84,-75.00,0.00,0.00
202215.00,2019-07-02 21:29:46.215,16.07,1162.27,0.00,1.51,0.00,2.00,1.00,440.37,3.14,12.95,57.84,58.53,-33.50,25.50,-0.28,-0.03,17.00,5633.84,-75.00,0.00,0.00
202315.00,2019-07-02 21:29:46.315,16.05,1162.74,0.00,1.51,0.00,2.00,1.00,440.55,3.14,12.97,57.84,58.53,-33.45,25.50,-0.28,-0.02,17.00,5633.84,-75.00,0.00,0.00
202415.00,2019-07-02 21:29:46.415,16.02,1163.21,0.00,1.51,0.00,2.00,1.00,440.72,3.14,12.99,57.91,58.61,-33.45,25.50,-0.29,-0.03,17.00,5633.84,-75.00,0.00,0.00
202515.00,2019-07-02 21:29:46.515,16.02,1163.68,0.00,1.51,0.00,2.00,1.00,440.90,3.14,12.81,57.91,58.61,-33.45,25.49,-0.28,-0.02,17.00,5633.84,-75.00,0.00,0.00
202615.00,2019-07-02 21:29:46.615,16.01,1164.15,0.00,1.51,0.00,2.00,1.00,441.08,3.14,12.99,57.91,58.61,-33.38,25.49,-0.29,-0.01,17.00,5633.84,-75.00,0.00,0.00
202715.00,2019-07-02 21:29:46.715,16.01,1164.50,0.00,1.51,0.00,2.00,1.00,441.21,3.14,12.97,57.95,58.61,-33.38,25.49,-0.26,-0.03,17.00,5633.84,-75.00,0.00,0.00
202815.00,2019-07-02 21:29:46.815,15.97,1164.96,0.00,1.51,0.00,2.00,1.00,441.39,3.14,12.84,57.95,58.61,-33.38,25.49,-0.29,-0.02,17.00,5633.84,-75.00,0.00,0.00
202915.00,2019-07-02 21:29:46.915,15.98,1165.43,0.00,1.51,0.00,2.00,1.00,441.57,3.14,12.99,57.84,58.60,-33.26,25.46,-0.29,-0.03,17.00,5633.84,-75.00,0.00,0.00
203015.00,2019-07-02 21:29:47.015,15.94,1165.90,0.00,1.51,0.00,2.00,1.00,441.74,3.14,12.82,57.84,58.60,-33.26,25.46,-0.28,-0.02,17.00,5633.84,-75.00,0.00,0.00
203115.00,2019-07-02 21:29:47.115,15.96,1166.25,0.00,1.51,0.00,2.00,1.00,441.88,3.14,12.99,57.84,58.60,-33.24,25.46,-0.30,-0.02,17.00,5633.84,-75.00,0.00,0.00
203215.00,2019-07-02 21:29:47.215,15.94,1166.72,0.00,1.51,0.00,2.00,1.00,442.05,3.14,12.96,57.91,58.63,-33.24,25.46,-0.26,-0.03,17.00,5633.84,-75.00,0.00,0.00
203315.00,2019-07-02 21:29:47.315,15.91,1167.19,0.00,1.51,0.00,2.00,1.00,442.23,3.14,12.84,57.91,58.63,-33.24,25.46,-0.31,-0.03,17.00,5633.84,-75.00,0.00,0.00
203415.00,2019-07-02 21:29:47.415,15.87,1167.66,0.00,1.51,0.00,2.00,1.00,442.41,3.14,12.98,57.91,58.55,-33.17,25.46,-0.29,-0.03,17.00,5633.84,-75.00,0.00,0.00
203515.00,2019-07-02 21:29:47.515,18.93,1168.12,0.00,1.51,0.00,2.00,1.00,442.59,3.14,12.96,58.00,58.55,-33.17,25.46,-0.29,-0.03,17.00,5633.84,-75.00,0.00,0.00
203615.00,2019-07-02 21:29:47.615,17.61,1168.48,0.00,1.51,0.00,2.00,1.00,442.72,3.14,12.98,58.00,58.55,-33.13,25.46,-0.30,-0.03,17.00,5633.84,-75.00,0.00,0.00
203715.00,2019-07-02 21:29:47.715,16.92,1168.94,0.00,1.51,0.00,2.00,1.00,442.90,3.14,12.98,57.95,58.51,-33.13,25.30,-0.28,-0.02,17.00,5633.84,-75.00,0.00,0.00
203815.00,2019-07-02 21:29:47.815,16.43,1169.41,0.00,1.51,0.00,2.00,1.00,443.07,3.14,12.83,57.95,58.51,-33.13,25.30,-0.28,-0.02,17.00,5633.84,-75.00,0.00,0.00
203915.00,2019-07-02 21:29:47.915,16.23,1169.88,0.00,1.51,0.00,2.00,1.00,443.25,3.14,12.82,57.95,58.53,-33.13,25.30,-0.30,-0.03,17.00,5633.84,-75.00,0.00,0.00
204015.00,2019-07-02 21:29:48.015,16.03,1170.23,0.00,1.51,0.00,2.00,1.00,443.38,3.14,12.99,58.00,58.53,-33.13,25.30,-0.29,-0.03,17.00,5633.84,-75.00,0.00,0.00
204115.00,2019-07-02 21:29:48.115,16.00,1170.70,0.00,1.51,0.00,2.00,1.00,443.56,3.14,12.85,58.00,58.53,-33.13,25.26,-0.30,-0.02,17.00,5633.84,-75.00,0.00,0.00
204215.00,2019-07-02 21:29:48.215,15.83,1171.17,0.00,1.51,0.00,2.00,1.00,443.74,3.14,12.96,58.00,58.55,-32.98,25.26,-0.27,-0.02,17.00,5633.84,-75.00,0.00,0.00
204315.00,2019-07-02 21:29:48.315,15.82,1171.64,0.00,1.51,0.00,2.00,1.00,443.92,3.14,12.99,58.00,58.55,-32.98,25.26,-0.30,-0.03,17.00,5633.84,-75.00,0.00,0.00
204415.00,2019-07-02 21:29:48.415,15.80,1171.99,0.00,1.51,0.00,2.00,1.00,444.05,3.14,12.82,58.00,58.49,-33.01,25.26,-0.27,-0.02,17.00,5633.84,-75.00,0.00,0.00
204515.00,2019-07-02 21:29:48.515,15.79,1172.45,0.00,1.51,0.00,2.00,1.00,444.23,3.14,12.95,57.93,58.49,-33.01,25.06,-0.31,-0.02,17.00,5633.84,-75.00,0.00,0.00
204615.00,2019-07-02 21:29:48.615,15.75,1172.92,0.00,1.51,0.00,2.00,1.00,444.40,3.14,12.99,57.93,58.49,-33.01,25.06,-0.29,-0.02,17.00,5633.84,-75.00,0.00,0.00
204715.00,2019-07-02 21:29:48.715,15.75,1173.27,0.00,1.51,0.00,2.00,1.00,444.54,3.14,12.96,57.93,58.40,-32.91,25.06,-0.29,-0.03,17.00,5633.84,-75.00,0.00,0.00
204815.00,2019-07-02 21:29:48.815,15.73,1173.74,0.00,1.51,0.00,2.00,1.00,444.71,3.14,12.84,58.05,58.40,-32.91,25.06,-0.30,-0.03,17.00,5633.84,-75.00,0.00,0.00
204915.00,2019-07-02 21:29:48.915,15.73,1174.21,0.00,1.51,0.00,2.00,1.00,444.89,3.14,12.83,58.05,58.51,-32.84,24.98,-0.27,-0.03,17.00,5633.84,-75.00,0.00,0.00
205015.00,2019-07-02 21:29:49.015,15.65,1174.68,0.00,1.51,0.00,2.00,1.00,445.07,3.14,12.98,58.02,58.51,-32.84,24.98,-0.30,-0.02,17.00,5633.84,-75.00,0.00,0.00
205115.00,2019-07-02 21:29:49.115,15.70,1175.03,0.00,1.51,0.00,2.00,1.00,445.20,3.14,12.96,58.02,58.51,-32.84,24.98,-0.29,-0.03,17.00,5633.84,-75.00,0.00,0.00
205215.00,2019-07-02 21:29:49.215,15.66,1175.50,0.00,1.51,0.00,2.00,1.00,445.38,3.14,12.95,58.02,58.51,-32.80,24.98,-0.30,-0.02,17.00,5633.84,-75.00,0.00,0.00
205315.00,2019-07-02 21:29:49.315,15.63,1175.97,0.00,1.51,0.00,2.00,1.00,445.56,3.14,12.99,58.03,58.51,-32.80,25.00,-0.30,-0.02,17.00,5633.84,-75.00,0.00,0.00
205415.00,2019-07-02 21:29:49.415,15.62,1176.32,0.00,1.51,0.00,2.00,1.00,445.69,3.14,12.82,58.03,58.47,-32.80,25.00,-0.30,-0.02,17.00,5633.84,-75.00,0.00,0.00
205515.00,2019-07-02 21:29:49.515,15.66,1176.78,0.00,1.51,0.00,2.00,1.00,445.87,3.14,12.99,58.00,58.47,-32.73,25.00,-0.29,-0.02,17.00,5633.84,-75.00,0.00,0.00
205615.00,2019-07-02 21:29:49.615,15.59,1177.25,0.00,1.51,0.00,2.00,1.00,446.04,3.14,12.96,58.00,58.47,-32.73,25.00,-0.27,-0.03,17.00,5633.84,-75.00,0.00,0.00
205715.00,2019-07-02 21:29:49.715,15.59,1177.60,0.00,1.51,0.00,2.00,1.00,446.18,3.14,12.85,58.00,58.47,-32.72,24.75,-0.31,-0.02,17.00,5633.84,-75.00,0.00,0.00
205815.00,2019-07-02 21:29:49.815,15.54,1178.07,0.00,1.51,0.00,2.00,1.00,446.35,3.14,12.95,58.08,58.47,-32.72,24.75,-0.30,-0.02,17.00,5633.84,-75.00,0.00,0.00
205915.00,2019-07-02 21:29:49.915,15.57,1178.54,0.00,1.51,0.00,2.00,1.00,446.53,3.14,12.82,58.08,58.46,-32.72,24.75,-0.29,-0.03,17.00,5633.84,-75.00,0.00,0.00
206015.00,2019-07-02 21:29:50.015,15.55,1179.01,0.00,1.51,0.00,2.00,1.00,446.71,3.14,12.97,58.08,58.46,-32.68,24.75,-0.29,-0.03,17.00,5633.84,-75.00,0.00,0.00
206115.00,2019-07-02 21:29:50.115,15.55,1179.36,0.00,1.51,0.00,2.00,1.00,446.84,3.14,12.81,57.95,58.46,-32.68,24.59,-0.30,-0.02,17.00,5633.84,-75.00,0.00,0.00
206215.00,2019-07-02 21:29:50.215,15.52,1179.83,0.00,1.51,0.00,2.00,1.00,447.02,3.14,12.99,57.95,58.47,-32.63,24.59,-0.30,-0.02,17.00,5633.84,-75.00,0.00,0.00
206315.00,2019-07-02 21:29:50.315,15.50,1180.30,0.00,1.51,0.00,2.00,1.00,447.20,3.14,12.97,58.02,58.47,-32.63,24.59,-0.29,-0.03,17.00,5633.84,-75.00,0.00,0.00
206415.00,2019-07-02 21:29:50.415,15.52,1180.65,0.00,1.51,0.00,2.00,1.00,447.33,3.14,12.83,58.02,58.47,-32.63,24.59,-0.29,-0.02,17.00,5633.84,-75.00,0.00,0.00
206515.00,2019-07-02 21:29:50.515,15.51,1181.12,0.00,1.51,0.00,2.00,1.00,447.51,3.14,12.99,58.02,58.47,-32.57,24.48,-0.28,-0.02,17.00,5633.84,-75.00,0.00,0.00
206615.00,2019-07-02 21:29:50.615,15.45,1181.58,0.00,1.51,0.00,2.00,1.00,447.69,3.14,12.95,58.07,58.47,-32.57,24.48,-0.28,-0.03,17.00,5633.84,-75.00,0.00,0.00
206715.00,2019-07-02 21:29:50.715,15.45,1181.93,0.00,1.51,0.00,2.00,1.00,447.82,3.14,12.85,58.07,58.42,-32.57,24.48,-0.30,-0.03,17.00,5633.84,-75.00,0.00,0.00
206815.00,2019-07-02 21:29:50.815,15.45,1182.40,0.00,1.51,0.00,2.00,1.00,448.00,3.14,12.96,58.05,58.42,-32.52,24.48,-0.28,-0.03,17.00,5633.84,-75.00,0.00,0.00
206915.00,2019-07-02 21:29:50.915,15.43,1182.87,0.00,1.51,0.00,2.00,1.00,448.17,3.14,12.98,58.05,58.42,-32.52,24.49,-0.29,-0.03,17.00,5633.84,-75.00,0.00,0.00
207015.00,2019-07-02 21:29:51.015,15.40,1183.22,0.00,1.51,0.00,2.00,1.00,448.31,3.14,12.83,58.05,58.42,-32.40,24.49,-0.29,-0.03,17.00,5633.84,-75.00,0.00,0.00
207115.00,2019-07-02 21:29:51.115,15.44,1183.69,0.00,1.51,0.00,2.00,1.00,448.48,3.14,12.96,58.08,58.42,-32.40,24.49,-0.29,-0.03,17.00,5633.84,-75.00,0.00,0.00
207215.00,2019-07-02 21:29:51.215,15.43,1184.04,0.00,1.51,0.00,2.00,1.00,448.62,3.14,12.99,58.08,58.47,-32.40,24.49,-0.30,-0.02,17.00,5633.84,-75.00,0.00,0.00
207315.00,2019-07-02 21:29:51.315,15.33,1184.51,0.00,1.51,0.00,2.00,1.00,448.79,3.14,12.83,58.08,58.47,-32.36,24.34,-0.28,-0.03,17.00,5633.84,-75.00,0.00,0.00
207415.00,2019-07-02 21:29:51.415,15.38,1184.98,0.00,1.51,0.00,2.00,1.00,448.97,3.14,12.99,58.10,58.44,-32.36,24.34,-0.30,-0.02,17.00,5633.84,-75.00,0.00,0.00
207515.00,2019-07-02 21:29:51.515,15.34,1185.33,0.00,1.51,0.00,2.00,1.00,449.10,3.14,12.83,58.10,58.44,-32.30,24.34,-0.28,-0.02,17.00,5633.84,-75.00,0.00,0.00
207615.00,2019-07-02 21:29:51.615,15.33,1185.80,0.00,1.51,0.00,2.00,1.00,449.28,3.14,12.98,58.15,58.44,-32.30,24.34,-0.32,-0.02,17.00,5633.84,-75.00,0.00,0.00
207715.00,2019-07-02 21:29:51.715,15.34,1186.26,0.00,1.51,0.00,2.00,1.00,449.46,3.14,12.99,58.15,58.35,-32.30,24.22,-0.28,-0.02,17.00,5633.84,-75.00,0.00,0.00
207815.00,2019-07-02 21:29:51.815,15.36,1186.62,0.00,1.51,0.00,2.00,1.00,449.59,3.14,12.81,58.15,58.35,-32.34,24.22,-0.27,-0.03,17.00,5633.84,-75.00,0.00,0.00
207915.00,2019-07-02 21:29:51.915,15.29,1187.08,0.00,1.51,0.00,2.00,1.00,449.77,3.14,12.97,58.05,58.35,-32.34,24.22,-0.29,-0.02,17.00,5633.84,-75.00,0.00,0.00
208015.00,2019-07-02 21:29:52.015,15.27,1187.55,0.00,1.51,0.00,2.00,1.00,449.95,3.14,12.96,58.05,58.35,-32.34,24.22,-0.27,-0.03,17.00,5633.84,-75.00,0.00,0.00
208115.00,2019-07-02 21:29:52.115,15.25,1187.90,0.00,1.51,0.00,2.00,1.00,450.08,3.14,12.85,58.10,58.35,-32.25,24.16,-0.31,-0.03,17.00,5633.84,-75.00,0.00,0.00
208215.00,2019-07-02 21:29:52.215,16.58,1188.49,0.00,1.51,0.00,2.00,1.00,450.30,3.14,12.98,58.10,58.34,-32.25,24.16,-0.28,-0.03,17.00,5633.84,-75.00,0.00,0.00
208315.00,2019-07-02 21:29:52.315,16.05,1188.84,0.00,1.51,0.00,2.00,1.00,450.43,3.14,12.82,58.10,58.34,-32.23,24.16,-0.30,-0.03,17.00,5633.84,-75.00,0.00,0.00
208415.00,2019-07-02 21:29:52.415,15.75,1189.31,0.00,1.51,0.00,2.00,1.00,450.61,3.14,12.99,58.07,58.38,-32.23,24.16,-0.29,-0.03,17.00,5633.84,-75.00,0.00,0.00
208515.00,2019-07-02 21:29:52.515,15.51,1189.78,0.00,1.51,0.00,2.00,1.00,450.79,3.14,12.83,58.07,58.38,-32.23,24.11,-0.28,-0.03,17.00,5633.84,-75.00,0.00,0.00
208615.00,2019-07-02 21:29:52.615,15.35,1190.13,0.00,1.51,0.00,2.00,1.00,450.92,3.14,12.96,58.07,58.38,-32.07,24.11,-0.29,-0.03,17.00,5633.84,-75.00,0.00,0.00
208715.00,2019-07-02 21:29:52.715,15.27,1190.59,0.00,1.51,0.00,2.00,1.00,451.10,3.14,12.95,58.08,58.29,-32.07,24.11,-0.30,-0.02,17.00,5633.84,-75.00,0.00,0.00
208815.00,2019-07-02 21:29:52.815,15.25,1190.95,0.00,1.51,0.00,2.00,1.00,451.23,3.14,12.99,58.08,58.29,-32.14,24.11,-0.28,-0.03,17.00,5633.84,-75.00,0.00,0.00
208915.00,2019-07-02 21:29:52.915,15.22,1191.41,0.00,1.51,0.00,2.00,1.00,451.41,3.14,12.99,58.10,58.23,-32.14,23.98,-0.29,-0.02,17.00,5633.84,-75.00,0.00,0.00
209015.00,2019-07-02 21:29:53.015,15.15,1191.88,0.00,1.51,0.00,2.00,1.00,451.59,3.14,12.98,58.10,58.23,-32.14,23.98,-0.28,-0.03,17.00,5633.84,-75.00,0.00,0.00
209115.00,2019-07-02 21:29:53.115,15.17,1192.23,0.00,1.51,0.00,2.00,1.00,451.72,3.14,12.83,58.10,58.23,-32.02,23.98,-0.29,-0.03,17.00,5633.84,-75.00,0.00,0.00
209215.00,2019-07-02 21:29:53.215,15.12,1192.70,0.00,1.51,0.00,2.00,1.00,451.90,3.14,12.96,58.07,58.27,-32.02,23.98,-0.26,-0.03,17.00,5633.84,-75.00,0.00,0.00
209315.00,2019-07-02 21:29:53.315,15.09,1193.05,0.00,1.51,0.00,2.00,1.00,452.03,3.14,13.00,58.07,58.27,-32.02,23.91,-0.30,-0.02,17.00,5633.84,-75.00,0.00,0.00
209415.00,2019-07-02 21:29:53.415,15.13,1193.52,0.00,1.51,0.00,2.00,1.00,452.21,3.14,12.81,58.05,58.30,-32.02,23.91,-0.29,-0.03,17.00,5633.84,-75.00,0.00,0.00
209515.00,2019-07-02 21:29:53.515,15.04,1193.87,0.00,1.51,0.00,2.00,1.00,452.34,3.14,12.96,58.05,58.30,-32.02,23.91,-0.28,-0.03,17.00,5633.84,-75.00,0.00,0.00
209615.00,2019-07-02 21:29:53.615,15.12,1194.34,0.00,1.51,0.00,2.00,1.00,452.52,3.14,12.97,58.05,58.30,-31.93,23.91,-0.31,-0.03,17.00,5633.84,-75.00,0.00,0.00
209715.00,2019-07-02 21:29:53.715,15.09,1194.81,0.00,1.51,0.00,2.00,1.00,452.70,3.14,12.84,58.09,58.30,-31.93,23.88,-0.28,-0.03,17.00,5633.84,-75.00,0.00,0.00
209815.00,2019-07-02 21:29:53.815,15.00,1195.16,0.00,1.51,0.00,2.00,1.00,452.83,3.14,12.99,58.09,58.30,-31.93,23.88,-0.29,-0.02,17.00,5633.84,-75.00,0.00,0.00
209915.00,2019-07-02 21:29:53.915,15.02,1195.63,0.00,1.51,0.00,2.00,1.00,453.01,3.14,12.96,58.09,58.29,-31.80,23.88,-0.29,-0.03,17.00,5633.84,-75.00,0.00,0.00
210015.00,2019-07-02 21:29:54.015,15.03,1195.98,0.00,1.51,0.00,2.00,1.00,453.14,3.14,12.85,58.00,58.29,-31.80,23.88,-0.31,-0.02,17.00,5633.84,-75.00,0.00,0.00
210115.00,2019-07-02 21:29:54.115,15.04,1196.45,0.00,1.51,0.00,2.00,1.00,453.32,3.14,12.96,58.00,58.29,-31.77,23.84,-0.28,-0.02,17.00,5633.84,-75.00,0.00,0.00
210215.00,2019-07-02 21:29:54.215,14.99,1196.80,0.00,1.51,0.00,2.00,1.00,453.45,3.14,12.82,58.10,58.23,-31.77,23.84,-0.29,-0.02,17.00,5633.84,-75.00,0.00,0.00
210315.00,2019-07-02 21:29:54.315,15.01,1197.27,0.00,1.51,0.00,2.00,1.00,453.63,3.14,12.84,58.10,58.23,-31.77,23.84,-0.29,-0.03,17.00,5633.84,-75.00,0.00,0.00
210415.00,2019-07-02 21:29:54.415,15.00,1197.73,0.00,1.51,0.00,2.00,1.00,453.80,3.14,12.96,58.10,58.27,-31.82,23.84,-0.26,-0.03,17.00,5633.84,-75.00,0.00,0.00
210515.00,2019-07-02 21:29:54.515,14.96,1198.09,0.00,1.51,0.00,2.00,1.00,453.94,3.14,12.99,58.13,58.27,-31.82,23.82,-0.31,-0.03,17.00,5633.84,-75.00,0.00,0.00
210615.00,2019-07-02 21:29:54.615,14.95,1198.55,0.00,1.51,0.00,2.00,1.00,454.11,3.14,12.81,58.13,58.27,-31.82,23.82,-0.29,-0.03,17.00,5633.84,-75.00,0.00,0.00
210715.00,2019-07-02 21:29:54.715,14.98,1198.90,0.00,1.51,0.00,2.00,1.00,454.25,3.14,12.99,58.10,58.21,-31.74,23.82,-0.31,-0.03,17.00,5633.84,-75.00,0.00,0.00
210815.00,2019-07-02 21:29:54.815,14.92,1199.37,0.00,1.51,0.00,2.00,1.00,454.43,3.14,12.86,58.10,58.21,-31.74,23.82,-0.30,-0.03,17.00,5633.84,-75.00,0.00,0.00
210915.00,2019-07-02 21:29:54.915,14.95,1199.72,0.00,1.51,0.00,2.00,1.00,454.56,3.14,12.95,58.10,58.31,-31.63,23.82,-0.27,-0.02,17.00,5633.84,-75.00,0.00,0.00
211015.00,2019-07-02 21:29:55.015,14.90,1200.19,0.00,1.51,0.00,2.00,1.00,454.74,3.14,12.99,58.15,58.31,-31.63,23.82,-0.29,-0.03,17.00,5633.84,-75.00,0.00,0.00
211115.00,2019-07-02 21:29:55.115,14.90,1200.54,0.00,1.51,0.00,2.00,1.00,454.87,3.14,12.82,58.15,58.31,-31.63,23.82,-0.28,-0.02,17.00,5633.84,-75.00,0.00,0.00
211215.00,2019-07-02 21:29:55.215,14.84,1201.01,0.00,1.51,0.00,2.00,1.00,455.05,3.14,12.97,58.15,58.24,-31.53,23.82,-0.28,-0.02,17.00,5633.84,-75.00,0.00,0.00
211315.00,2019-07-02 21:29:55.315,14.86,1201.36,0.00,1.51,0.00,2.00,1.00,455.18,3.14,12.99,58.09,58.24,-31.53,24.16,-0.28,-0.03,17.00,5633.84,-75.00,0.00,0.00
211415.00,2019-07-02 21:29:55.415,14.89,1201.83,0.00,1.51,0.00,2.00,1.00,455.36,3.14,12.81,58.09,58.23,-31.53,24.16,-0.28,-0.02,17.00,5633.84,-75.00,0.00,0.00
211515.00,2019-07-02 21:29:55.515,14.83,1202.18,0.00,1.51,0.00,2.00,1.00,455.49,3.14,12.95,58.07,58.23,-31.53,24.16,-0.29,-0.02,17.00,5633.84,-75.00,0.00,0.00
211615.00,2019-07-02 21:29:55.615,14.81,1202.65,0.00,1.51,0.00,2.00,1.00,455.67,3.14,12.96,58.07,58.23,-31.53,24.16,-0.26,-0.03,17.00,5633.84,-75.00,0.00,0.00
211715.00,2019-07-02 21:29:55.715,14.76,1203.00,0.00,1.51,0.00,2.00,1.00,455.80,3.14,12.95,58.07,58.20,-31.48,24.24,-0.30,-0.03,17.00,5633.84,-75.00,0.00,0.00
211815.00,2019-07-02 21:29:55.815,14.77,1203.47,0.00,1.51,0.00,2.00,1.00,455.98,3.14,12.95,58.15,58.20,-31.48,24.24,-0.28,-0.02,17.00,5633.84,-75.00,0.00,0.00
211915.00,2019-07-02 21:29:55.915,14.80,1203.82,0.00,1.51,0.00,2.00,1.00,456.11,3.14,12.82,58.15,58.23,-31.48,24.24,-0.28,-0.02,17.00,5633.84,-75.00,0.00,0.00
212015.00,2019-07-02 21:29:56.015,14.73,1204.29,0.00,1.51,0.00,2.00,1.00,456.29,3.14,12.99,58.16,58.23,-31.39,24.24,-0.28,-0.03,17.00,5633.84,-75.00,0.00,0.00
212115.00,2019-07-02 21:29:56.115,14.72,1204.64,0.00,1.51,0.00,2.00,1.00,456.42,3.14,12.95,58.16,58.23,-31.39,24.16,-0.27,-0.03,17.00,5633.84,-75.00,0.00,0.00
212215.00,2019-07-02 21:29:56.215,14.80,1205.11,0.00,1.51,0.00,2.00,1.00,456.60,3.14,12.84,58.16,58.21,-31.35,24.16,-0.29,-0.02,17.00,5633.84,-75.00,0.00,0.00
212315.00,2019-07-02 21:29:56.315,14.71,1205.46,0.00,1.51,0.00,2.00,1.00,456.73,3.14,12.97,58.16,58.21,-31.35,24.16,-0.28,-0.03,17.00,5633.84,-75.00,0.00,0.00
212415.00,2019-07-02 21:29:56.415,14.76,1205.93,0.00,1.51,0.00,2.00,1.00,456.91,3.14,12.99,58.16,58.22,-31.35,24.16,-0.30,-0.03,17.00,5633.84,-75.00,0.00,0.00
212515.00,2019-07-02 21:29:56.515,14.74,1206.28,0.00,1.51,0.00,2.00,1.00,457.04,3.14,12.99,58.16,58.22,-31.32,24.16,-0.29,-0.02,17.00,5633.84,-75.00,0.00,0.00
212615.00,2019-07-02 21:29:56.615,14.65,1206.75,0.00,1.51,0.00,2.00,1.00,457.22,3.14,12.99,58.16,58.22,-31.32,24.16,-0.27,-0.03,17.00,5633.84,-75.00,0.00,0.00
212715.00,2019-07-02 21:29:56.715,14.67,1207.10,0.00,1.51,0.00,2.00,1.00,457.35,3.14,12.85,58.16,58.17,-31.20,24.16,-0.28,-0.03,17.00,5633.84,-75.00,0.00,0.00
212815.00,2019-07-02 21:29:56.815,14.65,1207.57,0.00,1.51,0.00,2.00,1.00,457.53,3.14,12.96,58.17,58.17,-31.20,24.16,-0.26,-0.02,17.00,5633.84,-75.00,0.00,0.00
212915.00,2019-07-02 21:29:56.915,14.61,1207.92,0.00,1.51,0.00,2.00,1.00,457.66,3.14,12.98,58.17,58.13,-31.20,24.04,-0.31,-0.03,17.00,5633.84,-75.00,0.00,0.00
213015.00,2019-07-02 21:29:57.015,14.68,1208.38,0.00,1.51,0.00,2.00,1.00,457.84,3.14,12.83,58.17,58.13,-31.24,24.04,-0.30,-0.03,17.00,5633.84,-75.00,0.00,0.00
213115.00,2019-07-02 21:29:57.115,14.63,1208.74,0.00,1.51,0.00,2.00,1.00,457.97,3.14,12.97,58.23,58.13,-31.24,24.04,-0.28,-0.02,17.00,5633.84,-75.00,0.00,0.00
213215.00,2019-07-02 21:29:57.215,14.65,1209.20,0.00,1.51,0.00,2.00,1.00,458.15,3.14,13.00,58.23,58.16,-31.24,24.04,-0.29,-0.03,17.00,5633.84,-75.00,0.00,0.00
213315.00,2019-07-02 21:29:57.315,14.61,1209.55,0.00,1.51,0.00,2.00,1.00,458.28,3.14,12.81,58.20,58.16,-31.16,23.98,-0.27,-0.02,17.00,5633.84,-75.00,0.00,0.00
213415.00,2019-07-02 21:29:57.415,14.52,1209.91,0.00,1.51,0.00,2.00,1.00,458.42,3.14,12.98,58.20,58.12,-31.16,23.98,-0.30,-0.03,17.00,5633.84,-75.00,0.00,0.00
213515.00,2019-07-02 21:29:57.515,14.58,1210.37,0.00,1.51,0.00,2.00,1.00,458.59,3.14,12.85,58.20,58.12,-31.09,23.98,-0.27,-0.03,17.00,5633.84,-75.00,0.00,0.00
213615.00,2019-07-02 21:29:57.615,14.62,1210.72,0.00,1.51,0.00,2.00,1.00,458.73,3.14,12.95,58.20,58.12,-31.09,23.98,-0.30,-0.03,17.00,5633.84,-75.00,0.00,0.00
213715.00,2019-07-02 21:29:57.715,14.55,1211.19,0.00,1.51,0.00,2.00,1.00,458.90,3.14,12.99,58.20,58.12,-31.09,24.00,-0.28,-0.03,17.00,5633.84,-75.00,0.00,0.00
213815.00,2019-07-02 21:29:57.815,14.54,1211.54,0.00,1.51,0.00,2.00,1.00,459.04,3.14,12.98,58.20,58.12,-31.00,24.00,-0.28,-0.03,17.00,5633.84,-75.00,0.00,0.00
213915.00,2019-07-02 21:29:57.915,14.54,1212.01,0.00,1.51,0.00,2.00,1.00,459.21,3.14,12.83,58.17,58.10,-31.00,24.00,-0.29,-0.03,17.00,5633.84,-75.00,0.00,0.00
214015.00,2019-07-02 21:29:58.015,14.48,1212.36,0.00,1.51,0.00,2.00,1.00,459.35,3.14,12.99,58.17,58.10,-30.97,24.00,-0.27,-0.03,17.00,5633.84,-75.00,0.00,0.00
214115.00,2019-07-02 21:29:58.115,14.55,1212.83,0.00,1.51,0.00,2.00,1.00,459.52,3.14,12.81,58.23,58.10,-30.97,24.16,-0.30,-0.03,17.00,5633.84,-75.00,0.00,0.00
214215.00,2019-07-02 21:29:58.215,14.50,1213.18,0.00,1.51,0.00,2.00,1.00,459.66,3.14,12.98,58.23,58.14,-30.97,24.16,-0.29,-0.03,17.00,5633.84,-75.00,0.00,0.00
214315.00,2019-07-02 21:29:58.315,14.46,1213.53,0.00,1.51,0.00,2.00,1.00,459.79,3.14,12.96,58.23,58.14,-30.95,24.16,-0.27,-0.03,17.00,5633.84,-75.00,0.00,0.00
214415.00,2019-07-02 21:29:58.415,14.49,1214.00,0.00,1.51,0.00,2.00,1.00,459.97,3.14,12.83,58.22,58.15,-30.95,24.16,-0.29,-0.02,17.00,5633.84,-75.00,0.00,0.00
214515.00,2019-07-02 21:29:58.515,14.45,1214.35,0.00,1.51,0.00,2.00,1.00,460.10,3.14,12.95,58.22,58.15,-30.95,24.34,-0.29,-0.02,17.00,5633.84,-75.00,0.00,0.00
214615.00,2019-07-02 21:29:58.615,14.44,1214.82,0.00,1.51,0.00,2.00,1.00,460.28,3.14,12.85,58.21,58.15,-30.96,24.34,-0.29,-0.02,17.00,5633.84,-75.00,0.00,0.00
214715.00,2019-07-02 21:29:58.715,14.40,1215.17,0.00,1.51,0.00,2.00,1.00,460.41,3.14,12.97,58.21,58.12,-30.96,24.34,-0.27,-0.02,17.00,5633.84,-75.00,0.00,0.00
214815.00,2019-07-02 21:29:58.815,14.40,1215.64,0.00,1.51,0.00,2.00,1.00,460.59,3.14,12.98,58.21,58.12,-30.82,24.34,-0.32,-0.03,17.00,5633.84,-75.00,0.00,0.00
214915.00,2019-07-02 21:29:58.915,14.39,1215.99,0.00,1.51,0.00,2.00,1.00,460.72,3.14,12.85,58.26,58.10,-30.82,24.16,-0.29,-0.03,17.00,5633.84,-75.00,0.00,0.00
215015.00,2019-07-02 21:29:59.015,14.44,1216.34,0.00,1.51,0.00,2.00,1.00,460.85,3.14,12.98,58.26,58.10,-30.82,24.16,-0.28,-0.03,17.00,5633.84,-75.00,0.00,0.00
215115.00,2019-07-02 21:29:59.115,14.32,1216.81,0.00,1.51,0.00,2.00,1.00,461.03,3.14,12.98,58.26,58.10,-30.86,24.16,-0.28,-0.03,17.00,5633.84,-75.00,0.00,0.00
215215.00,2019-07-02 21:29:59.215,14.39,1217.16,0.00,1.51,0.00,2.00,1.00,461.17,3.14,12.83,58.22,58.09,-30.86,24.16,-0.27,-0.02,17.00,5633.84,-75.00,0.00,0.00
215315.00,2019-07-02 21:29:59.315,14.34,1217.63,0.00,1.51,0.00,2.00,1.00,461.34,3.14,12.99,58.22,58.09,-30.73,24.00,-0.30,-0.03,17.00,5633.84,-75.00,0.00,0.00
215415.00,2019-07-02 21:29:59.415,14.31,1217.98,0.00,1.51,0.00,2.00,1.00,461.48,3.14,12.85,58.17,58.09,-30.73,24.00,-0.29,-0.02,17.00,5633.84,-75.00,0.00,0.00
215515.00,2019-07-02 21:29:59.515,14.39,1218.33,0.00,1.51,0.00,2.00,1.00,461.61,3.14,12.96,58.17,58.09,-30.73,24.00,-0.28,-0.02,17.00,5633.84,-75.00,0.00,0.00
215615.00,2019-07-02 21:29:59.615,14.29,1218.80,0.00,1.51,0.00,2.00,1.00,461.79,3.14,12.99,58.17,58.09,-30.73,24.00,-0.29,-0.02,17.00,5633.84,-75.00,0.00,0.00
215715.00,2019-07-02 21:29:59.715,14.26,1219.15,0.00,1.51,0.00,2.00,1.00,461.92,3.14,12.81,58.15,58.08,-30.73,23.91,-0.28,-0.03,17.00,5633.84,-75.00,0.00,0.00
215815.00,2019-07-02 21:29:59.815,14.31,1219.62,0.00,1.51,0.00,2.00,1.00,462.10,3.14,12.98,58.15,58.08,-30.73,23.91,-0.29,-0.02,17.00,5633.84,-75.00,0.00,0.00
215915.00,2019-07-02 21:29:59.915,14.28,1219.97,0.00,1.51,0.00,2.00,1.00,462.23,3.14,12.97,58.22,57.98,-30.64,23.91,-0.26,-0.03,17.00,5633.84,-75.00,0.00,0.00
216015.00,2019-07-02 21:30:00.015,14.26,1220.32,0.00,1.51,0.00,2.00,1.00,462.36,3.14,12.83,58.22,57.98,-30.64,23.91,-0.27,-0.03,17.00,5633.84,-75.00,0.00,0.00
216115.00,2019-07-02 21:30:00.115,14.27,1220.79,0.00,1.51,0.00,2.00,1.00,462.54,3.14,12.99,58.22,57.98,-30.57,23.84,-0.28,-0.03,17.00,5633.84,-75.00,0.00,0.00
216215.00,2019-07-02 21:30:00.215,14.19,1221.14,0.00,1.51,0.00,2.00,1.00,462.67,3.14,12.95,58.20,58.09,-30.57,23.84,-0.27,-0.03,17.00,5633.84,-75.00,0.00,0.00
216315.00,2019-07-02 21:30:00.315,14.25,1221.49,0.00,1.51,0.00,2.00,1.00,462.81,3.14,12.85,58.20,58.09,-30.57,23.84,-0.28,-0.02,17.00,5633.84,-75.00,0.00,0.00
216415.00,2019-07-02 21:30:00.415,14.22,1221.96,0.00,1.51,0.00,2.00,1.00,462.98,3.14,12.96,58.22,58.02,-30.52,23.84,-0.27,-0.03,17.00,5633.84,-75.00,0.00,0.00
216515.00,2019-07-02 21:30:00.515,14.15,1222.31,0.00,1.51,0.00,2.00,1.00,463.12,3.14,12.98,58.22,58.02,-30.52,23.73,-0.30,-0.03,17.00,5633.84,-75.00,0.00,0.00
216615.00,2019-07-02 21:30:00.615,14.20,1222.78,0.00,1.51,0.00,2.00,1.00,463.29,3.14,12.83,58.22,58.02,-30.59,23.73,-0.28,-0.02,17.00,5633.84,-75.00,0.00,0.00
216715.00,2019-07-02 21:30:00.715,14.20,1223.13,0.00,1.51,0.00,2.00,1.00,463.43,3.14,12.95,58.29,57.98,-30.59,23.73,-0.29,-0.02,17.00,5633.84,-75.00,0.00,0.00
216815.00,2019-07-02 21:30:00.815,14.17,1223.48,0.00,1.51,0.00,2.00,1.00,463.56,3.14,12.99,58.29,57.98,-30.59,23.73,-0.28,-0.03,17.00,5633.84,-75.00,0.00,0.00
216915.00,2019-07-02 21:30:00.915,14.16,1223.95,0.00,1.51,0.00,2.00,1.00,463.74,3.14,12.81,58.29,58.07,-30.35,23.76,-0.28,-0.03,17.00,5633.84,-75.00,0.00,0.00
217015.00,2019-07-02 21:30:01.015,14.13,1224.30,0.00,1.51,0.00,2.00,1.00,463.87,3.14,12.97,58.26,58.07,-30.35,23.76,-0.29,-0.02,17.00,5633.84,-75.00,0.00,0.00
217115.00,2019-07-02 21:30:01.115,14.10,1224.65,0.00,1.51,0.00,2.00,1.00,464.00,3.14,12.85,58.26,58.07,-30.35,23.76,-0.26,-0.02,17.00,5633.84,-75.00,0.00,0.00
217215.00,2019-07-02 21:30:01.215,14.14,1225.12,0.00,1.51,0.00,2.00,1.00,464.18,3.14,12.95,58.30,57.98,-30.35,23.76,-0.28,-0.02,17.00,5633.84,-75.00,0.00,0.00
217315.00,2019-07-02 21:30:01.315,14.10,1225.47,0.00,1.51,0.00,2.00,1.00,464.31,3.14,12.99,58.30,57.98,-30.35,23.71,-0.28,-0.02,17.00,5633.84,-75.00,0.00,0.00
217415.00,2019-07-02 21:30:01.415,14.09,1225.82,0.00,1.51,0.00,2.00,1.00,464.45,3.14,12.81,58.30,58.01,-30.32,23.71,-0.28,-0.03,17.00,5633.84,-75.00,0.00,0.00
217515.00,2019-07-02 21:30:01.515,14.13,1226.29,0.00,1.51,0.00,2.00,1.00,464.62,3.14,12.96,58.28,58.01,-30.32,23.71,-0.30,-0.02,17.00,5633.84,-75.00,0.00,0.00
217615.00,2019-07-02 21:30:01.615,14.05,1226.64,0.00,1.51,0.00,2.00,1.00,464.76,3.14,12.96,58.28,58.01,-30.32,23.71,-0.25,-0.03,17.00,5633.84,-75.00,0.00,0.00
217715.00,2019-07-02 21:30:01.715,14.07,1226.99,0.00,1.51,0.00,2.00,1.00,464.89,3.14,12.85,58.28,58.05,-30.30,23.61,-0.31,-0.02,17.00,5633.84,-75.00,0.00,0.00
217815.00,2019-07-02 21:30:01.815,14.06,1227.46,0.00,1.51,0.00,2.00,1.00,465.07,3.14,12.96,58.28,58.05,-30.30,23.61,-0.25,-0.03,17.00,5633.84,-75.00,0.00,0.00
217915.00,2019-07-02 21:30:01.915,14.00,1227.81,0.00,1.51,0.00,2.00,1.00,465.20,3.14,12.82,58.28,57.93,-30.26,23.61,-0.28,-0.02,17.00,5633.84,-75.00,0.00,0.00
218015.00,2019-07-02 21:30:02.015,14.01,1228.16,0.00,1.51,0.00,2.00,1.00,465.33,3.14,12.97,58.28,57.93,-30.26,23.61,-0.28,-0.02,17.00,5633.84,-75.00,0.00,0.00
218115.00,2019-07-02 21:30:02.115,14.03,1228.63,0.00,1.51,0.00,2.00,1.00,465.51,3.14,12.97,58.28,57.93,-30.26,23.48,-0.27,-0.02,17.00,5633.84,-75.00,0.00,0.00
218215.00,2019-07-02 21:30:02.215,13.92,1228.98,0.00,1.51,0.00,2.00,1.00,465.64,3.14,12.99,58.28,58.07,-30.12,23.48,-0.29,-0.03,17.00,5633.84,-75.00,0.00,0.00
218315.00,2019-07-02 21:30:02.315,13.96,1229.33,0.00,1.51,0.00,2.00,1.00,465.78,3.14,12.99,58.26,58.07,-30.12,23.48,-0.28,-0.02,17.00,5633.84,-75.00,0.00,0.00
218415.00,2019-07-02 21:30:02.415,14.00,1229.80,0.00,1.51,0.00,2.00,1.00,465.95,3.14,12.99,58.26,57.95,-30.12,23.48,-0.29,-0.02,17.00,5633.84,-75.00,0.00,0.00
218515.00,2019-07-02 21:30:02.515,13.92,1230.15,0.00,1.51,0.00,2.00,1.00,466.09,3.14,12.85,58.26,57.95,-30.13,23.38,-0.29,-0.03,17.00,5633.84,-75.00,0.00,0.00
218615.00,2019-07-02 21:30:02.615,13.96,1230.50,0.00,1.51,0.00,2.00,1.00,466.22,3.14,12.95,58.26,57.95,-30.13,23.38,-0.29,-0.03,17.00,5633.84,-75.00,0.00,0.00
218715.00,2019-07-02 21:30:02.715,13.94,1230.85,0.00,1.51,0.00,2.00,1.00,466.35,3.14,12.99,58.26,58.01,-30.05,23.38,-0.29,-0.03,17.00,5633.84,-75.00,0.00,0.00
218815.00,2019-07-02 21:30:02.815,13.89,1231.32,0.00,1.51,0.00,2.00,1.00,466.53,3.14,12.99,58.27,58.01,-30.05,23.38,-0.26,-0.03,17.00,5633.84,-75.00,0.00,0.00
218915.00,2019-07-02 21:30:02.915,13.94,1231.67,0.00,1.51,0.00,2.00,1.00,466.66,3.14,12.95,58.27,57.89,-30.05,23.25,-0.30,-0.03,17.00,5633.84,-75.00,0.00,0.00
219015.00,2019-07-02 21:30:03.015,13.93,1232.03,0.00,1.51,0.00,2.00,1.00,466.80,3.14,12.85,58.36,57.89,-29.99,23.25,-0.28,-0.02,17.00,5633.84,-75.00,0.00,0.00
219115.00,2019-07-02 21:30:03.115,13.88,1232.49,0.00,1.51,0.00,2.00,1.00,466.97,3.14,12.96,58.36,57.89,-29.99,23.25,-0.28,-0.02,17.00,5633.84,-75.00,0.00,0.00
219215.00,2019-07-02 21:30:03.215,13.91,1232.84,0.00,1.51,0.00,2.00,1.00,467.11,3.14,12.99,58.36,57.89,-29.98,23.25,-0.30,-0.02,17.00,5633.84,-75.00,0.00,0.00
219315.00,2019-07-02 21:30:03.315,13.88,1233.20,0.00,1.51,0.00,2.00,1.00,467.24,3.14,12.98,58.29,57.89,-29.98,23.28,-0.28,-0.02,17.00,5633.84,-75.00,0.00,0.00
219415.00,2019-07-02 21:30:03.415,13.83,1233.55,0.00,1.51,0.00,2.00,1.00,467.37,3.14,12.96,58.29,57.96,-29.98,23.28,-0.29,-0.03,17.00,5633.84,-75.00,0.00,0.00
219515.00,2019-07-02 21:30:03.515,13.89,1234.01,0.00,1.51,0.00,2.00,1.00,467.55,3.14,12.86,58.29,57.96,-29.94,23.28,-0.29,-0.02,17.00,5633.84,-75.00,0.00,0.00
219615.00,2019-07-02 21:30:03.615,13.78,1234.37,0.00,1.51,0.00,2.00,1.00,467.68,3.14,12.96,58.27,57.96,-29.94,23.28,-0.28,-0.03,17.00,5633.84,-75.00,0.00,0.00
219715.00,2019-07-02 21:30:03.715,13.81,1234.72,0.00,1.51,0.00,2.00,1.00,467.82,3.14,12.99,58.27,57.93,-29.94,23.27,-0.28,-0.02,17.00,5633.84,-75.00,0.00,0.00
219815.00,2019-07-02 21:30:03.815,13.81,1235.19,0.00,1.51,0.00,2.00,1.00,467.99,3.14,12.98,58.34,57.93,-29.84,23.27,-0.28,-0.02,17.00,5633.84,-75.00,0.00,0.00
219915.00,2019-07-02 21:30:03.915,13.78,1235.54,0.00,1.51,0.00,2.00,1.00,468.13,3.14,12.97,58.34,57.89,-29.84,23.27,-0.28,-0.02,17.00,5633.84,-75.00,0.00,0.00
220015.00,2019-07-02 21:30:04.015,13.73,1235.89,0.00,1.51,0.00,2.00,1.00,468.26,3.14,12.99,58.34,57.89,-29.80,23.27,-0.26,-0.02,17.00,5633.84,-75.00,0.00,0.00
220115.00,2019-07-02 21:30:04.115,13.79,1236.24,0.00,1.51,0.00,2.00,1.00,468.39,3.14,12.99,58.33,57.89,-29.80,23.23,-0.30,-0.03,17.00,5633.84,-75.00,0.00,0.00
220215.00,2019-07-02 21:30:04.215,13.74,1236.71,0.00,1.51,0.00,2.00,1.00,468.57,3.14,12.81,58.33,57.89,-29.80,23.23,-0.28,-0.04,17.00,5633.84,-75.00,0.00,0.00
220315.00,2019-07-02 21:30:04.315,13.75,1237.06,0.00,1.51,0.00,2.00,1.00,468.70,3.14,12.98,58.33,57.89,-29.76,23.23,-0.28,-0.03,17.00,5633.84,-75.00,0.00,0.00
220415.00,2019-07-02 21:30:04.415,13.78,1237.41,0.00,1.51,0.00,2.00,1.00,468.84,3.14,12.85,58.33,57.86,-29.76,23.23,-0.29,-0.03,17.00,5633.84,-75.00,0.00,0.00
220515.00,2019-07-02 21:30:04.515,13.71,1237.76,0.00,1.51,0.00,2.00,1.00,468.97,3.14,12.95,58.33,57.86,-29.72,23.30,-0.28,-0.03,17.00,5633.84,-75.00,0.00,0.00
220615.00,2019-07-02 21:30:04.615,13.71,1238.23,0.00,1.51,0.00,2.00,1.00,469.15,3.14,12.99,58.36,57.86,-29.72,23.30,-0.29,-0.02,17.00,5633.84,-75.00,0.00,0.00
220715.00,2019-07-02 21:30:04.715,13.73,1238.58,0.00,1.51,0.00,2.00,1.00,469.28,3.14,12.81,58.36,57.91,-29.72,23.30,-0.28,-0.02,17.00,5633.84,-75.00,0.00,0.00
220815.00,2019-07-02 21:30:04.815,13.68,1238.93,0.00,1.51,0.00,2.00,1.00,469.41,3.14,12.96,58.36,57.91,-29.69,23.30,-0.28,-0.02,17.00,5633.84,-75.00,0.00,0.00
220915.00,2019-07-02 21:30:04.915,13.69,1239.28,0.00,1.51,0.00,2.00,1.00,469.55,3.14,12.85,58.36,57.84,-29.69,23.32,-0.28,-0.02,17.00,5633.84,-75.00,0.00,0.00
221015.00,2019-07-02 21:30:05.015,13.65,1239.75,0.00,1.51,0.00,2.00,1.00,469.72,3.14,12.98,58.36,57.84,-29.69,23.32,-0.27,-0.03,17.00,5633.84,-75.00,0.00,0.00
221115.00,2019-07-02 21:30:05.115,13.62,1240.10,0.00,1.51,0.00,2.00,1.00,469.86,3.14,12.85,58.35,57.84,-29.65,23.32,-0.29,-0.03,17.00,5633.84,-75.00,0.00,0.00
221215.00,2019-07-02 21:30:05.215,13.61,1240.45,0.00,1.51,0.00,2.00,1.00,469.99,3.14,12.96,58.35,57.89,-29.65,23.32,-0.26,-0.02,17.00,5633.84,-75.00,0.00,0.00
221315.00,2019-07-02 21:30:05.315,13.65,1240.80,0.00,1.51,0.00,2.00,1.00,470.12,3.14,12.98,58.35,57.89,-29.58,23.43,-0.29,-0.02,17.00,5633.84,-75.00,0.00,0.00
221415.00,2019-07-02 21:30:05.415,13.58,1241.15,0.00,1.51,0.00,2.00,1.00,470.26,3.14,12.81,58.36,57.87,-29.58,23.43,-0.29,-0.01,17.00,5633.84,-75.00,0.00,0.00
221515.00,2019-07-02 21:30:05.515,13.58,1241.62,0.00,1.51,0.00,2.00,1.00,470.43,3.14,12.96,58.36,57.87,-29.58,23.43,-0.27,-0.02,17.00,5633.84,-75.00,0.00,0.00
221615.00,2019-07-02 21:30:05.615,13.60,1241.97,0.00,1.51,0.00,2.00,1.00,470.57,3.14,12.85,58.39,57.87,-29.49,23.43,-0.30,-0.03,17.00,5633.84,-75.00,0.00,0.00
221715.00,2019-07-02 21:30:05.715,13.55,1242.32,0.00,1.51,0.00,2.00,1.00,470.70,3.14,12.95,58.39,57.84,-29.49,23.72,-0.27,-0.03,17.00,5633.84,-75.00,0.00,0.00
221815.00,2019-07-02 21:30:05.815,13.58,1242.68,0.00,1.51,0.00,2.00,1.00,470.83,3.14,12.99,58.39,57.84,-29.49,23.72,-0.30,-0.02,17.00,5633.84,-75.00,0.00,0.00
221915.00,2019-07-02 21:30:05.915,13.56,1243.03,0.00,1.51,0.00,2.00,1.00,470.97,3.14,12.99,58.40,57.86,-29.49,23.72,-0.29,-0.03,17.00,5633.84,-75.00,0.00,0.00
222015.00,2019-07-02 21:30:06.015,13.50,1243.49,0.00,1.51,0.00,2.00,1.00,471.14,3.14,12.99,58.40,57.86,-29.49,23.72,-0.28,-0.02,17.00,5633.84,-75.00,0.00,0.00
222115.00,2019-07-02 21:30:06.115,13.52,1243.85,0.00,1.51,0.00,2.00,1.00,471.28,3.14,12.96,58.45,57.86,-29.48,23.84,-0.28,-0.02,17.00,5633.84,-75.00,0.00,0.00
222215.00,2019-07-02 21:30:06.215,13.54,1244.20,0.00,1.51,0.00,2.00,1.00,471.41,3.14,12.97,58.45,57.80,-29.48,23.84,-0.28,-0.02,17.00,5633.84,-75.00,0.00,0.00
222315.00,2019-07-02 21:30:06.315,13.49,1244.55,0.00,1.51,0.00,2.00,1.00,471.54,3.14,12.98,58.45,57.80,-29.48,23.84,-0.29,-0.02,17.00,5633.84,-75.00,0.00,0.00
222415.00,2019-07-02 21:30:06.415,13.45,1244.90,0.00,1.51,0.00,2.00,1.00,471.67,3.14,12.85,58.44,57.84,-29.31,23.84,-0.26,-0.03,17.00,5633.84,-75.00,0.00,0.00
222515.00,2019-07-02 21:30:06.515,13.48,1245.37,0.00,1.51,0.00,2.00,1.00,471.85,3.14,12.85,58.44,57.84,-29.31,24.02,-0.30,-0.04,17.00,5633.84,-75.00,0.00,0.00
222615.00,2019-07-02 21:30:06.615,13.45,1245.72,0.00,1.51,0.00,2.00,1.00,471.98,3.14,12.98,58.44,57.84,-29.38,24.02,-0.28,-0.02,17.00,5633.84,-75.00,0.00,0.00
222715.00,2019-07-02 21:30:06.715,13.46,1246.07,0.00,1.51,0.00,2.00,1.00,472.12,3.14,12.96,58.39,57.78,-29.38,24.02,-0.28,-0.02,17.00,5633.84,-75.00,0.00,0.00
222815.00,2019-07-02 21:30:06.815,13.49,1246.42,0.00,1.51,0.00,2.00,1.00,472.25,3.14,12.99,58.39,57.78,-29.38,24.02,-0.28,-0.01,17.00,5633.84,-75.00,0.00,0.00
222915.00,2019-07-02 21:30:06.915,13.41,1246.77,0.00,1.51,0.00,2.00,1.00,472.38,3.14,12.83,58.44,57.78,-29.30,23.98,-0.29,-0.02,17.00,5633.84,-75.00,0.00,0.00
223015.00,2019-07-02 21:30:07.015,13.40,1247.24,0.00,1.51,0.00,2.00,1.00,472.56,3.14,12.99,58.44,57.78,-29.30,23.98,-0.29,-0.03,17.00,5633.84,-75.00,0.00,0.00
223115.00,2019-07-02 21:30:07.115,13.41,1247.59,0.00,1.51,0.00,2.00,1.00,472.69,3.14,12.95,58.44,57.78,-29.20,23.98,-0.30,-0.04,17.00,5633.84,-75.00,0.00,0.00
223215.00,2019-07-02 21:30:07.215,13.41,1247.94,0.00,1.51,0.00,2.00,1.00,472.83,3.14,12.85,58.44,57.75,-29.20,23.98,-0.28,-0.03,17.00,5633.84,-75.00,0.00,0.00
223315.00,2019-07-02 21:30:07.315,13.38,1248.29,0.00,1.51,0.00,2.00,1.00,472.96,3.14,12.99,58.44,57.75,-29.20,24.13,-0.29,-0.02,17.00,5633.84,-75.00,0.00,0.00
223415.00,2019-07-02 21:30:07.415,13.40,1248.64,0.00,1.51,0.00,2.00,1.00,473.09,3.14,12.97,58.44,57.71,-29.16,24.13,-0.28,-0.02,17.00,5633.84,-75.00,0.00,0.00
223515.00,2019-07-02 21:30:07.515,13.32,1249.00,0.00,1.51,0.00,2.00,1.00,473.23,3.14,12.98,58.44,57.71,-29.16,24.13,-0.29,-0.01,17.00,5633.84,-75.00,0.00,0.00
223615.00,2019-07-02 21:30:07.615,13.33,1249.46,0.00,1.51,0.00,2.00,1.00,473.40,3.14,12.97,58.44,57.71,-29.11,24.13,-0.27,-0.02,17.00,5633.84,-75.00,0.00,0.00
223715.00,2019-07-02 21:30:07.715,13.35,1249.81,0.00,1.51,0.00,2.00,1.00,473.54,3.14,12.85,58.42,57.70,-29.11,24.23,-0.29,-0.02,17.00,5633.84,-75.00,0.00,0.00
223815.00,2019-07-02 21:30:07.815,13.28,1250.17,0.00,1.51,0.00,2.00,1.00,473.67,3.14,12.98,58.42,57.70,-29.11,24.23,-0.28,-0.03,17.00,5633.84,-75.00,0.00,0.00
223915.00,2019-07-02 21:30:07.915,13.29,1250.52,0.00,1.51,0.00,2.00,1.00,473.80,3.14,12.82,58.47,57.73,-29.05,24.23,-0.28,-0.04,17.00,5633.84,-75.00,0.00,0.00
224015.00,2019-07-02 21:30:08.015,13.34,1250.87,0.00,1.51,0.00,2.00,1.00,473.94,3.14,12.99,58.47,57.73,-29.05,24.23,-0.28,-0.02,17.00,5633.84,-75.00,0.00,0.00
224115.00,2019-07-02 21:30:08.115,13.27,1251.22,0.00,1.51,0.00,2.00,1.00,474.07,3.14,12.96,58.47,57.73,-29.05,24.30,-0.28,-0.02,17.00,5633.84,-75.00,0.00,0.00
224215.00,2019-07-02 21:30:08.215,13.27,1251.57,0.00,1.51,0.00,2.00,1.00,474.20,3.14,12.85,58.47,57.73,-28.98,24.30,-0.28,-0.01,17.00,5633.84,-75.00,0.00,0.00
224315.00,2019-07-02 21:30:08.315,13.25,1252.04,0.00,1.51,0.00,2.00,1.00,474.38,3.14,12.97,58.47,57.73,-28.98,24.30,-0.28,-0.02,17.00,5633.84,-75.00,0.00,0.00
224415.00,2019-07-02 21:30:08.415,13.24,1252.39,0.00,1.51,0.00,2.00,1.00,474.51,3.14,12.98,58.47,57.80,-29.01,24.30,-0.29,-0.03,17.00,5633.84,-75.00,0.00,0.00
224515.00,2019-07-02 21:30:08.515,13.22,1252.74,0.00,1.51,0.00,2.00,1.00,474.65,3.14,12.85,58.51,57.80,-29.01,24.34,-0.28,-0.03,17.00,5633.84,-75.00,0.00,0.00
224615.00,2019-07-02 21:30:08.615,13.23,1253.09,0.00,1.51,0.00,2.00,1.00,474.78,3.14,12.98,58.51,57.80,-29.01,24.34,-0.28,-0.03,17.00,5633.84,-75.00,0.00,0.00
224715.00,2019-07-02 21:30:08.715,13.20,1253.44,0.00,1.51,0.00,2.00,1.00,474.91,3.14,12.97,58.42,57.78,-28.95,24.34,-0.29,-0.01,17.00,5633.84,-75.00,0.00,0.00
224815.00,2019-07-02 21:30:08.815,13.17,1253.79,0.00,1.51,0.00,2.00,1.00,475.04,3.14,12.96,58.42,57.78,-28.95,24.34,-0.27,-0.01,17.00,5633.84,-75.00,0.00,0.00
224915.00,2019-07-02 21:30:08.915,13.22,1254.14,0.00,1.51,0.00,2.00,1.00,475.18,3.14,12.85,58.42,57.66,-28.91,24.27,-0.30,-0.02,17.00,5633.84,-75.00,0.00,0.00
225015.00,2019-07-02 21:30:09.015,13.19,1254.50,0.00,1.51,0.00,2.00,1.00,475.31,3.14,12.98,58.49,57.66,-28.91,24.27,-0.28,-0.03,17.00,5633.84,-75.00,0.00,0.00
225115.00,2019-07-02 21:30:09.115,14.45,1254.96,0.00,1.51,0.00,2.00,1.00,475.49,3.14,12.82,58.49,57.66,-28.91,24.27,-0.27,-0.03,17.00,5633.84,-75.00,0.00,0.00
225215.00,2019-07-02 21:30:09.215,13.88,1255.32,0.00,1.51,0.00,2.00,1.00,475.62,3.14,12.99,58.49,57.71,-28.88,24.27,-0.29,-0.04,17.00,5633.84,-75.00,0.00,0.00
225315.00,2019-07-02 21:30:09.315,13.56,1255.67,0.00,1.51,0.00,2.00,1.00,475.75,3.14,12.95,58.49,57.71,-28.88,24.16,-0.28,-0.03,17.00,5633.84,-75.00,0.00,0.00
225415.00,2019-07-02 21:30:09.415,13.36,1256.02,0.00,1.51,0.00,2.00,1.00,475.89,3.14,12.85,58.49,57.66,-28.88,24.16,-0.30,-0.02,17.00,5633.84,-75.00,0.00,0.00
225515.00,2019-07-02 21:30:09.515,13.29,1256.37,0.00,1.51,0.00,2.00,1.00,476.02,3.14,12.97,58.49,57.66,-28.80,24.16,-0.28,-0.02,17.00,5633.84,-75.00,0.00,0.00
225615.00,2019-07-02 21:30:09.615,13.24,1256.72,0.00,1.51,0.00,2.00,1.00,476.15,3.14,12.97,58.49,57.66,-28.80,24.16,-0.29,-0.03,17.00,5633.84,-75.00,0.00,0.00
225715.00,2019-07-02 21:30:09.715,13.11,1257.07,0.00,1.51,0.00,2.00,1.00,476.29,3.14,12.85,58.49,57.76,-28.76,24.23,-0.28,-0.03,17.00,5633.84,-75.00,0.00,0.00
225815.00,2019-07-02 21:30:09.815,13.13,1257.42,0.00,1.51,0.00,2.00,1.00,476.42,3.14,12.98,58.55,57.76,-28.76,24.23,-0.27,-0.03,17.00,5633.84,-75.00,0.00,0.00
225915.00,2019-07-02 21:30:09.915,13.09,1257.77,0.00,1.51,0.00,2.00,1.00,476.55,3.14,12.99,58.55,57.70,-28.76,24.23,-0.29,-0.02,17.00,5633.84,-75.00,0.00,0.00
226015.00,2019-07-02 21:30:10.015,13.06,1258.24,0.00,1.51,0.00,2.00,1.00,476.73,3.14,12.96,58.51,57.70,-28.74,24.23,-0.27,-0.02,17.00,5633.84,-75.00,0.00,0.00
226115.00,2019-07-02 21:30:10.115,13.08,1258.59,0.00,1.51,0.00,2.00,1.00,476.86,3.14,12.98,58.51,57.70,-28.74,24.12,-0.30,-0.01,17.00,5633.84,-75.00,0.00,0.00
226215.00,2019-07-02 21:30:10.215,13.02,1258.94,0.00,1.51,0.00,2.00,1.00,477.00,3.14,12.84,58.51,57.70,-28.70,24.12,-0.28,-0.02,17.00,5633.84,-75.00,0.00,0.00
226315.00,2019-07-02 21:30:10.315,13.00,1259.29,0.00,1.51,0.00,2.00,1.00,477.13,3.14,12.98,58.46,57.70,-28.70,24.12,-0.27,-0.03,17.00,5633.84,-75.00,0.00,0.00
226415.00,2019-07-02 21:30:10.415,13.02,1259.65,0.00,1.51,0.00,2.00,1.00,477.26,3.14,12.84,58.46,57.75,-28.70,24.12,-0.28,-0.03,17.00,5633.84,-75.00,0.00,0.00
226515.00,2019-07-02 21:30:10.515,13.03,1260.00,0.00,1.51,0.00,2.00,1.00,477.39,3.14,12.83,58.56,57.75,-28.67,24.00,-0.27,-0.03,17.00,5633.84,-75.00,0.00,0.00
226615.00,2019-07-02 21:30:10.615,12.96,1260.35,0.00,1.51,0.00,2.00,1.00,477.53,3.14,12.96,58.56,57.75,-28.67,24.00,-0.29,-0.02,17.00,5633.84,-75.00,0.00,0.00
226715.00,2019-07-02 21:30:10.715,12.96,1260.70,0.00,1.51,0.00,2.00,1.00,477.66,3.14,12.85,58.56,57.66,-28.67,24.00,-0.28,-0.03,17.00,5633.84,-75.00,0.00,0.00
226815.00,2019-07-02 21:30:10.815,12.99,1261.05,0.00,1.51,0.00,2.00,1.00,477.79,3.14,12.85,58.49,57.66,-28.56,24.00,-0.28,-0.03,17.00,5633.84,-75.00,0.00,0.00
226915.00,2019-07-02 21:30:10.915,12.95,1261.40,0.00,1.51,0.00,2.00,1.00,477.93,3.14,12.96,58.49,57.73,-28.56,23.96,-0.28,-0.03,17.00,5633.84,-75.00,0.00,0.00
227015.00,2019-07-02 21:30:11.015,12.95,1261.75,0.00,1.51,0.00,2.00,1.00,478.06,3.14,12.98,58.49,57.73,-28.52,23.96,-0.29,-0.02,17.00,5633.84,-75.00,0.00,0.00
227115.00,2019-07-02 21:30:11.115,12.98,1262.10,0.00,1.51,0.00,2.00,1.00,478.19,3.14,12.99,58.53,57.73,-28.52,23.96,-0.30,-0.01,17.00,5633.84,-75.00,0.00,0.00
227215.00,2019-07-02 21:30:11.215,12.87,1262.45,0.00,1.51,0.00,2.00,1.00,478.33,3.14,12.96,58.53,57.66,-28.52,23.96,-0.27,-0.02,17.00,5633.84,-75.00,0.00,0.00
227315.00,2019-07-02 21:30:11.315,12.92,1262.81,0.00,1.51,0.00,2.00,1.00,478.46,3.14,12.84,58.54,57.66,-28.48,23.83,-0.29,-0.02,17.00,5633.84,-75.00,0.00,0.00
227415.00,2019-07-02 21:30:11.415,12.92,1263.27,0.00,1.51,0.00,2.00,1.00,478.64,3.14,12.99,58.54,57.66,-28.48,23.83,-0.28,-0.02,17.00,5633.84,-75.00,0.00,0.00
227515.00,2019-07-02 21:30:11.515,12.86,1263.62,0.00,1.51,0.00,2.00,1.00,478.77,3.14,12.82,58.54,57.66,-28.38,23.83,-0.28,-0.03,17.00,5633.84,-75.00,0.00,0.00
227615.00,2019-07-02 21:30:11.615,12.88,1263.98,0.00,1.51,0.00,2.00,1.00,478.90,3.14,12.98,58.55,57.66,-28.38,23.83,-0.27,-0.02,17.00,5633.84,-75.00,0.00,0.00
227715.00,2019-07-02 21:30:11.715,12.85,1264.33,0.00,1.51,0.00,2.00,1.00,479.04,3.14,12.95,58.55,57.59,-28.38,23.84,-0.28,-0.02,17.00,5633.84,-75.00,0.00,0.00
227815.00,2019-07-02 21:30:11.815,12.82,1264.68,0.00,1.51,0.00,2.00,1.00,479.17,3.14,12.85,58.55,57.59,-28.38,23.84,-0.28,-0.02,17.00,5633.84,-75.00,0.00,0.00
227915.00,2019-07-02 21:30:11.915,12.84,1265.03,0.00,1.51,0.00,2.00,1.00,479.30,3.14,12.95,58.55,57.63,-28.38,23.84,-0.29,-0.03,17.00,5633.84,-75.00,0.00,0.00
228015.00,2019-07-02 21:30:12.015,12.83,1265.38,0.00,1.51,0.00,2.00,1.00,479.43,3.14,12.99,58.55,57.63,-28.38,23.84,-0.30,-0.03,17.00,5633.84,-75.00,0.00,0.00
228115.00,2019-07-02 21:30:12.115,12.81,1265.73,0.00,1.51,0.00,2.00,1.00,479.57,3.14,12.98,58.51,57.63,-28.31,23.66,-0.28,-0.02,17.00,5633.84,-75.00,0.00,0.00
228215.00,2019-07-02 21:30:12.215,12.78,1266.08,0.00,1.51,0.00,2.00,1.00,479.70,3.14,12.97,58.51,57.62,-28.31,23.66,-0.28,-0.03,17.00,5633.84,-75.00,0.00,0.00
228315.00,2019-07-02 21:30:12.315,12.80,1266.43,0.00,1.51,0.00,2.00,1.00,479.83,3.14,12.83,58.51,57.62,-28.23,23.66,-0.29,-0.02,17.00,5633.84,-75.00,0.00,0.00
228415.00,2019-07-02 21:30:12.415,16.07,1266.90,0.00,1.51,0.00,2.00,1.00,480.01,3.14,12.81,58.54,57.62,-28.23,23.66,-0.26,-0.03,17.00,5633.84,-75.00,0.00,0.00
228515.00,2019-07-02 21:30:12.515,14.73,1267.25,0.00,1.51,0.00,2.00,1.00,480.14,3.14,12.99,58.54,57.62,-28.23,23.63,-0.30,-0.03,17.00,5633.84,-75.00,0.00,0.00
228615.00,2019-07-02 21:30:12.615,14.01,1267.60,0.00,1.51,0.00,2.00,1.00,480.28,3.14,12.85,58.61,57.62,-28.29,23.63,-0.28,-0.02,17.00,5633.84,-75.00,0.00,0.00
228715.00,2019-07-02 21:30:12.715,13.48,1267.95,0.00,1.51,0.00,2.00,1.00,480.41,3.14,12.85,58.61,57.59,-28.29,23.63,-0.27,-0.03,17.00,5633.84,-75.00,0.00,0.00
228815.00,2019-07-02 21:30:12.815,13.16,1268.31,0.00,1.51,0.00,2.00,1.00,480.54,3.14,12.98,58.61,57.59,-28.19,23.63,-0.29,-0.02,17.00,5633.84,-75.00,0.00,0.00
228915.00,2019-07-02 21:30:12.915,12.96,1268.66,0.00,1.51,0.00,2.00,1.00,480.68,3.14,12.84,58.70,57.63,-28.19,23.45,-0.27,-0.03,17.00,5633.84,-75.00,0.00,0.00
229015.00,2019-07-02 21:30:13.015,12.89,1269.01,0.00,1.51,0.00,2.00,1.00,480.81,3.14,12.96,58.70,57.63,-28.19,23.45,-0.30,-0.02,17.00,5633.84,-75.00,0.00,0.00
229115.00,2019-07-02 21:30:13.115,12.79,1269.36,0.00,1.51,0.00,2.00,1.00,480.94,3.14,12.97,58.63,57.63,-28.08,23.45,-0.27,-0.02,17.00,5633.84,-75.00,0.00,0.00
229215.00,2019-07-02 21:30:13.215,12.74,1269.71,0.00,1.51,0.00,2.00,1.00,481.08,3.14,12.83,58.63,57.64,-28.08,23.45,-0.28,-0.02,17.00,5633.84,-75.00,0.00,0.00
229315.00,2019-07-02 21:30:13.315,12.69,1270.06,0.00,1.51,0.00,2.00,1.00,481.21,3.14,12.99,58.63,57.64,-28.08,23.41,-0.28,-0.02,17.00,5633.84,-75.00,0.00,0.00
229415.00,2019-07-02 21:30:13.415,12.62,1270.41,0.00,1.51,0.00,2.00,1.00,481.34,3.14,12.96,58.56,57.59,-28.06,23.41,-0.28,-0.03,17.00,5633.84,-75.00,0.00,0.00
229515.00,2019-07-02 21:30:13.515,12.62,1270.76,0.00,1.51,0.00,2.00,1.00,481.47,3.14,12.97,58.56,57.59,-28.06,23.41,-0.28,-0.02,17.00,5633.84,-75.00,0.00,0.00
229615.00,2019-07-02 21:30:13.615,12.66,1271.11,0.00,1.51,0.00,2.00,1.00,481.61,3.14,12.96,58.56,57.59,-28.06,23.41,-0.26,-0.02,17.00,5633.84,-75.00,0.00,0.00
229715.00,2019-07-02 21:30:13.715,12.57,1271.47,0.00,1.51,0.00,2.00,1.00,481.74,3.14,12.81,58.63,57.59,-28.06,23.33,-0.29,-0.03,17.00,5633.84,-75.00,0.00,0.00
229815.00,2019-07-02 21:30:13.815,12.60,1271.82,0.00,1.51,0.00,2.00,1.00,481.87,3.14,12.81,58.63,57.59,-28.06,23.33,-0.28,-0.01,17.00,5633.84,-75.00,0.00,0.00
229915.00,2019-07-02 21:30:13.915,12.62,1272.17,0.00,1.51,0.00,2.00,1.00,482.01,3.14,12.96,58.63,57.59,-27.99,23.33,-0.27,-0.02,17.00,5633.84,-75.00,0.00,0.00
230015.00,2019-07-02 21:30:14.015,12.57,1272.52,0.00,1.51,0.00,2.00,1.00,482.14,3.14,12.85,58.63,57.59,-27.99,23.33,-0.30,-0.02,17.00,5633.84,-75.00,0.00,0.00
230115.00,2019-07-02 21:30:14.115,12.55,1272.87,0.00,1.51,0.00,2.00,1.00,482.27,3.14,12.97,58.63,57.59,-28.02,23.26,-0.28,-0.02,17.00,5633.84,-75.00,0.00,0.00
230215.00,2019-07-02 21:30:14.215,12.58,1273.22,0.00,1.51,0.00,2.00,1.00,482.41,3.14,12.99,58.65,57.57,-28.02,23.26,-0.30,-0.02,17.00,5633.84,-75.00,0.00,0.00
230315.00,2019-07-02 21:30:14.315,12.58,1273.57,0.00,1.51,0.00,2.00,1.00,482.54,3.14,12.97,58.65,57.57,-28.02,23.26,-0.29,-0.03,17.00,5633.84,-75.00,0.00,0.00
230415.00,2019-07-02 21:30:14.415,12.51,1273.92,0.00,1.51,0.00,2.00,1.00,482.67,3.14,12.97,58.61,57.59,-27.97,23.26,-0.29,-0.02,17.00,5633.84,-75.00,0.00,0.00
230515.00,2019-07-02 21:30:14.515,12.56,1274.27,0.00,1.51,0.00,2.00,1.00,482.80,3.14,12.82,58.61,57.59,-27.97,23.21,-0.28,-0.02,17.00,5633.84,-75.00,0.00,0.00
230615.00,2019-07-02 21:30:14.615,12.53,1274.63,0.00,1.51,0.00,2.00,1.00,482.94,3.14,12.97,58.61,57.59,-27.97,23.21,-0.28,-0.02,17.00,5633.84,-75.00,0.00,0.00
230715.00,2019-07-02 21:30:14.715,12.45,1274.86,0.00,1.51,0.00,2.00,1.00,483.03,3.14,12.83,58.66,57.59,-27.79,23.21,-0.29,-0.03,17.00,5633.84,-75.00,0.00,0.00
230815.00,2019-07-02 21:30:14.815,12.47,1275.21,0.00,1.51,0.00,2.00,1.00,483.16,3.14,12.82,58.66,57.59,-27.79,23.21,-0.26,-0.03,17.00,5633.84,-75.00,0.00,0.00
230915.00,2019-07-02 21:30:14.915,12.48,1275.56,0.00,1.51,0.00,2.00,1.00,483.29,3.14,13.00,58.66,57.55,-27.86,23.20,-0.29,-0.03,17.00,5633.84,-75.00,0.00,0.00
231015.00,2019-07-02 21:30:15.015,12.45,1275.91,0.00,1.51,0.00,2.00,1.00,483.43,3.14,12.85,58.70,57.55,-27.86,23.20,-0.28,-0.03,17.00,5633.84,-75.00,0.00,0.00
231115.00,2019-07-02 21:30:15.115,12.48,1276.26,0.00,1.51,0.00,2.00,1.00,483.56,3.14,12.96,58.70,57.55,-27.86,23.20,-0.27,-0.02,17.00,5633.84,-75.00,0.00,0.00
231215.00,2019-07-02 21:30:15.215,12.47,1276.62,0.00,1.51,0.00,2.00,1.00,483.69,3.14,12.99,58.73,57.59,-27.75,23.20,-0.28,-0.02,17.00,5633.84,-75.00,0.00,0.00
231315.00,2019-07-02 21:30:15.315,12.44,1276.97,0.00,1.51,0.00,2.00,1.00,483.82,3.14,12.81,58.73,57.59,-27.75,23.14,-0.27,-0.02,17.00,5633.84,-75.00,0.00,0.00
231415.00,2019-07-02 21:30:15.415,12.41,1277.32,0.00,1.51,0.00,2.00,1.00,483.96,3.14,12.98,58.73,57.52,-27.75,23.14,-0.29,-0.03,17.00,5633.84,-75.00,0.00,0.00
231515.00,2019-07-02 21:30:15.515,12.42,1277.67,0.00,1.51,0.00,2.00,1.00,484.09,3.14,12.97,58.59,57.52,-27.75,23.14,-0.28,-0.03,17.00,5633.84,-75.00,0.00,0.00
231615.00,2019-07-02 21:30:15.615,12.41,1278.02,0.00,1.51,0.00,2.00,1.00,484.22,3.14,12.85,58.59,57.52,-27.75,23.14,-0.30,-0.02,17.00,5633.84,-75.00,0.00,0.00
231715.00,2019-07-02 21:30:15.715,12.36,1278.37,0.00,1.51,0.00,2.00,1.00,484.36,3.14,12.99,58.70,57.50,-27.73,23.08,-0.30,-0.02,17.00,5633.84,-75.00,0.00,0.00
231815.00,2019-07-02 21:30:15.815,12.37,1278.72,0.00,1.51,0.00,2.00,1.00,484.49,3.14,12.81,58.70,57.50,-27.73,23.08,-0.27,-0.03,17.00,5633.84,-75.00,0.00,0.00
231915.00,2019-07-02 21:30:15.915,12.38,1279.07,0.00,1.51,0.00,2.00,1.00,484.62,3.14,12.99,58.70,57.45,-27.73,23.08,-0.28,-0.02,17.00,5633.84,-75.00,0.00,0.00
232015.00,2019-07-02 21:30:16.015,12.35,1279.42,0.00,1.51,0.00,2.00,1.00,484.76,3.14,12.95,58.70,57.45,-27.65,23.08,-0.28,-0.02,17.00,5633.84,-75.00,0.00,0.00
232115.00,2019-07-02 21:30:16.115,12.37,1279.78,0.00,1.51,0.00,2.00,1.00,484.89,3.14,12.95,58.70,57.45,-27.65,23.03,-0.30,-0.02,17.00,5633.84,-75.00,0.00,0.00
232215.00,2019-07-02 21:30:16.215,12.34,1280.13,0.00,1.51,0.00,2.00,1.00,485.02,3.14,12.95,58.70,57.54,-27.63,23.03,-0.28,-0.02,17.00,5633.84,-75.00,0.00,0.00
232315.00,2019-07-02 21:30:16.315,12.32,1280.48,0.00,1.51,0.00,2.00,1.00,485.15,3.14,12.99,58.63,57.54,-27.63,23.03,-0.28,-0.02,17.00,5633.84,-75.00,0.00,0.00
232415.00,2019-07-02 21:30:16.415,12.31,1280.71,0.00,1.51,0.00,2.00,1.00,485.24,3.14,12.83,58.63,57.47,-27.63,23.03,-0.28,-0.02,17.00,5633.84,-75.00,0.00,0.00
232515.00,2019-07-02 21:30:16.515,12.30,1281.06,0.00,1.51,0.00,2.00,1.00,485.38,3.14,12.95,58.65,57.47,-27.44,23.01,-0.28,-0.03,17.00,5633.84,-75.00,0.00,0.00
232615.00,2019-07-02 21:30:16.615,12.33,1281.41,0.00,1.51,0.00,2.00,1.00,485.51,3.14,12.85,58.65,57.47,-27.44,23.01,-0.29,-0.02,17.00,5633.84,-75.00,0.00,0.00
232715.00,2019-07-02 21:30:16.715,12.21,1281.76,0.00,1.51,0.00,2.00,1.00,485.64,3.14,12.95,58.65,57.50,-27.47,23.01,-0.28,-0.02,17.00,5633.84,-75.00,0.00,0.00
232815.00,2019-07-02 21:30:16.815,12.28,1282.12,0.00,1.51,0.00,2.00,1.00,485.78,3.14,12.83,58.72,57.50,-27.47,23.01,-0.28,-0.03,17.00,5633.84,-75.00,0.00,0.00
232915.00,2019-07-02 21:30:16.915,12.23,1282.47,0.00,1.51,0.00,2.00,1.00,485.91,3.14,12.96,58.72,57.47,-27.47,23.05,-0.28,-0.02,17.00,5633.84,-75.00,0.00,0.00
233015.00,2019-07-02 21:30:17.015,12.19,1282.82,0.00,1.51,0.00,2.00,1.00,486.04,3.14,12.98,58.67,57.47,-27.39,23.05,-0.28,-0.02,17.00,5633.84,-75.00,0.00,0.00
233115.00,2019-07-02 21:30:17.115,12.28,1283.17,0.00,1.51,0.00,2.00,1.00,486.17,3.14,12.84,58.67,57.47,-27.39,23.05,-0.29,-0.02,17.00,5633.84,-75.00,0.00,0.00
233215.00,2019-07-02 21:30:17.215,12.18,1283.52,0.00,1.51,0.00,2.00,1.00,486.31,3.14,12.95,58.67,57.40,-27.39,23.05,-0.26,-0.02,17.00,5633.84,-75.00,0.00,0.00
233315.00,2019-07-02 21:30:17.315,12.17,1283.87,0.00,1.51,0.00,2.00,1.00,486.44,3.14,12.99,58.66,57.40,-27.36,22.97,-0.30,-0.03,17.00,5633.84,-75.00,0.00,0.00
233415.00,2019-07-02 21:30:17.415,12.22,1284.11,0.00,1.51,0.00,2.00,1.00,486.53,3.14,12.81,58.66,57.45,-27.36,22.97,-0.28,-0.02,17.00,5633.84,-75.00,0.00,0.00
233515.00,2019-07-02 21:30:17.515,12.22,1284.46,0.00,1.51,0.00,2.00,1.00,486.66,3.14,12.98,58.66,57.45,-27.38,22.97,-0.28,-0.03,17.00,5633.84,-75.00,0.00,0.00
233615.00,2019-07-02 21:30:17.615,12.15,1284.81,0.00,1.51,0.00,2.00,1.00,486.80,3.14,12.97,58.70,57.45,-27.38,22.97,-0.28,-0.03,17.00,5633.84,-75.00,0.00,0.00
233715.00,2019-07-02 21:30:17.715,12.14,1285.16,0.00,1.51,0.00,2.00,1.00,486.93,3.14,12.82,58.70,57.41,-27.38,22.99,-0.27,-0.02,17.00,5633.84,-75.00,0.00,0.00
233815.00,2019-07-02 21:30:17.815,12.17,1285.51,0.00,1.51,0.00,2.00,1.00,487.06,3.14,12.99,58.72,57.41,-27.31,22.99,-0.29,-0.03,17.00,5633.84,-75.00,0.00,0.00
233915.00,2019-07-02 21:30:17.915,12.12,1285.86,0.00,1.51,0.00,2.00,1.00,487.19,3.14,12.95,58.72,57.41,-27.31,22.99,-0.29,-0.02,17.00,5633.84,-75.00,0.00,0.00
234015.00,2019-07-02 21:30:18.015,12.08,1286.21,0.00,1.51,0.00,2.00,1.00,487.33,3.14,12.97,58.72,57.41,-27.24,22.99,-0.28,-0.03,17.00,5633.84,-75.00,0.00,0.00
234115.00,2019-07-02 21:30:18.115,12.11,1286.56,0.00,1.51,0.00,2.00,1.00,487.46,3.14,12.99,58.66,57.41,-27.24,23.05,-0.27,-0.02,17.00,5633.84,-75.00,0.00,0.00
234215.00,2019-07-02 21:30:18.215,12.14,1286.80,0.00,1.51,0.00,2.00,1.00,487.55,3.14,12.81,58.66,57.42,-27.24,23.05,-0.30,-0.02,17.00,5633.84,-75.00,0.00,0.00
234315.00,2019-07-02 21:30:18.315,12.05,1287.15,0.00,1.51,0.00,2.00,1.00,487.68,3.14,12.99,58.77,57.42,-27.18,23.05,-0.30,-0.02,17.00,5633.84,-75.00,0.00,0.00
234415.00,2019-07-02 21:30:18.415,12.10,1287.50,0.00,1.51,0.00,2.00,1.00,487.82,3.14,12.96,58.77,57.45,-27.18,23.05,-0.25,-0.02,17.00,5633.84,-75.00,0.00,0.00
234515.00,2019-07-02 21:30:18.515,12.07,1287.85,0.00,1.51,0.00,2.00,1.00,487.95,3.14,12.84,58.77,57.45,-27.18,23.39,-0.30,-0.03,17.00,5633.84,-75.00,0.00,0.00
234615.00,2019-07-02 21:30:18.615,12.06,1288.20,0.00,1.51,0.00,2.00,1.00,488.08,3.14,12.98,58.70,57.45,-27.09,23.39,-0.28,-0.02,17.00,5633.84,-75.00,0.00,0.00
234715.00,2019-07-02 21:30:18.715,12.02,1288.55,0.00,1.51,0.00,2.00,1.00,488.21,3.14,12.82,58.70,57.40,-27.09,23.39,-0.28,-0.02,17.00,5633.84,-75.00,0.00,0.00
234815.00,2019-07-02 21:30:18.815,12.03,1288.90,0.00,1.51,0.00,2.00,1.00,488.35,3.14,12.99,58.70,57.40,-27.05,23.39,-0.28,-0.02,17.00,5633.84,-75.00,0.00,0.00
234915.00,2019-07-02 21:30:18.915,12.03,1289.14,0.00,1.51,0.00,2.00,1.00,488.44,3.14,12.95,58.66,57.38,-27.05,23.72,-0.27,-0.03,17.00,5633.84,-75.00,0.00,0.00
235015.00,2019-07-02 21:30:19.015,11.99,1289.49,0.00,1.51,0.00,1.00,1.00,488.57,3.14,12.77,58.66,57.38,-27.05,23.72,-0.29,-0.05,17.00,5633.84,-75.00,0.00,0.00
235115.00,2019-07-02 21:30:19.115,12.01,1289.84,0.00,1.51,0.00,1.00,1.00,488.70,3.14,12.95,58.70,57.38,-27.10,23.72,-0.29,-0.11,17.00,5633.84,-75.00,0.00,0.00
235215.00,2019-07-02 21:30:19.215,12.04,1290.19,0.00,1.51,0.00,1.00,1.00,488.84,3.14,12.83,58.70,57.43,-27.10,23.72,-0.28,-0.10,17.00,5633.84,-75.00,0.00,0.00
235315.00,2019-07-02 21:30:19.315,11.95,1290.54,0.00,1.51,0.00,1.00,1.00,488.97,3.14,12.79,58.70,57.43,-27.02,23.70,-0.29,-0.11,17.00,5633.84,-75.00,0.00,0.00
235415.00,2019-07-02 21:30:19.415,11.95,1290.89,0.00,1.51,0.00,1.00,1.00,489.10,3.14,12.93,58.74,57.40,-27.02,23.70,-0.31,-0.12,17.00,5633.84,-75.00,0.00,0.00
235515.00,2019-07-02 21:30:19.515,11.98,1291.13,0.00,1.51,0.00,1.00,1.00,489.19,3.14,12.92,58.74,57.40,-27.02,23.70,-0.30,-0.02,17.00,5633.84,-75.00,0.00,0.00
235615.00,2019-07-02 21:30:19.615,11.95,1291.48,0.00,1.51,0.00,1.00,1.00,489.32,3.14,12.78,58.74,57.40,-26.95,23.70,-0.26,-0.03,17.00,5633.84,-75.00,0.00,0.00
235715.00,2019-07-02 21:30:19.715,11.91,1291.83,0.00,1.51,0.00,1.00,1.00,489.46,3.14,12.86,58.72,57.41,-26.95,23.87,-0.30,-0.04,17.00,5633.84,-75.00,0.00,0.00
235815.00,2019-07-02 21:30:19.815,11.96,1292.18,0.00,1.51,0.00,1.00,1.00,489.59,3.14,12.88,58.72,57.41,-26.95,23.87,-0.30,-0.03,17.00,5633.84,-75.00,0.00,0.00
235915.00,2019-07-02 21:30:19.915,11.91,1292.53,0.00,1.51,0.00,1.00,1.00,489.72,3.14,12.82,58.74,57.43,-26.87,23.87,-0.29,-0.04,17.00,5633.84,-75.00,0.00,0.00
236015.00,2019-07-02 21:30:20.015,11.88,1292.88,0.00,1.51,0.00,1.00,1.00,489.86,3.14,12.96,58.74,57.43,-26.87,23.87,-0.30,-0.01,17.00,5633.84,-75.00,0.00,0.00
236115.00,2019-07-02 21:30:20.115,15.75,1293.35,0.00,1.51,0.00,1.00,1.00,490.03,3.14,12.70,58.74,57.43,-26.83,23.89,-0.27,-0.02,17.00,5633.84,-75.00,0.00,0.00
236215.00,2019-07-02 21:30:20.215,14.12,1293.70,0.00,1.51,0.00,1.00,1.00,490.17,3.14,12.91,58.77,57.36,-26.83,23.89,-0.29,-0.02,17.00,5633.84,-75.00,0.00,0.00
236315.00,2019-07-02 21:30:20.315,13.20,1294.05,0.00,1.51,0.00,1.00,1.00,490.30,3.14,12.85,58.77,57.36,-26.83,23.89,-0.27,-0.12,17.00,5633.84,-75.00,0.00,0.00
236415.00,2019-07-02 21:30:20.415,12.58,1294.40,0.00,1.51,0.00,1.00,1.00,490.43,3.14,12.76,58.77,57.29,-26.79,23.89,-0.28,-0.12,17.00,5633.84,-75.00,0.00,0.00
236515.00,2019-07-02 21:30:20.515,12.30,1294.76,0.00,1.51,0.00,1.00,1.00,490.56,3.14,12.91,58.77,57.29,-26.79,23.96,-0.29,-0.11,17.00,5633.84,-75.00,0.00,0.00
236615.00,2019-07-02 21:30:20.615,12.12,1294.99,0.00,1.51,0.00,1.00,1.00,490.65,3.14,12.91,58.77,57.29,-26.79,23.96,-0.28,-0.10,17.00,5633.84,-75.00,0.00,0.00
236715.00,2019-07-02 21:30:20.715,11.95,1295.34,0.00,1.51,0.00,1.00,1.00,490.79,3.14,12.75,58.74,57.36,-26.79,23.96,-0.29,-0.07,17.00,5633.84,-75.00,0.00,0.00
236815.00,2019-07-02 21:30:20.815,11.94,1295.69,0.00,1.51,0.00,1.00,1.00,490.92,3.14,12.87,58.74,57.36,-26.79,23.96,-0.27,-0.03,17.00,5633.84,-75.00,0.00,0.00
236915.00,2019-07-02 21:30:20.915,11.83,1296.04,0.00,1.51,0.00,1.00,1.00,491.05,3.14,12.80,58.74,57.31,-26.70,23.96,-0.32,-0.03,17.00,5633.84,-75.00,0.00,0.00
237015.00,2019-07-02 21:30:21.015,11.78,1296.39,0.00,1.51,0.00,1.00,1.00,491.19,3.14,12.95,58.80,57.31,-26.70,23.96,-0.28,-0.04,17.00,5633.84,-75.00,0.00,0.00
237115.00,2019-07-02 21:30:21.115,11.81,1296.63,0.00,1.51,0.00,1.00,1.00,491.27,3.14,12.85,58.80,57.31,-26.70,23.96,-0.28,-0.04,17.00,5633.84,-75.00,0.00,0.00
237215.00,2019-07-02 21:30:21.215,11.80,1296.98,0.00,1.51,0.00,1.00,1.00,491.41,3.14,12.81,58.80,57.31,-26.73,23.96,-0.29,-0.04,17.00,5633.84,-75.00,0.00,0.00
237315.00,2019-07-02 21:30:21.315,11.76,1297.33,0.00,1.51,0.00,1.00,1.00,491.54,3.14,12.93,58.80,57.31,-26.73,24.06,-0.26,-0.04,17.00,5633.84,-75.00,0.00,0.00
237415.00,2019-07-02 21:30:21.415,11.72,1297.68,0.00,1.51,0.00,1.00,1.00,491.67,3.14,12.86,58.80,57.30,-26.67,24.06,-0.28,-0.04,17.00,5633.84,-75.00,0.00,0.00
237515.00,2019-07-02 21:30:21.515,11.71,1297.92,0.00,1.51,0.00,1.00,1.00,491.76,3.14,12.78,58.82,57.30,-26.67,24.06,-0.30,-0.04,17.00,5633.84,-75.00,0.00,0.00
237615.00,2019-07-02 21:30:21.615,11.75,1298.27,0.00,1.51,0.00,1.00,1.00,491.89,3.14,12.95,58.82,57.30,-26.67,24.06,-0.28,-0.04,17.00,5633.84,-75.00,0.00,0.00
237715.00,2019-07-02 21:30:21.715,11.69,1298.62,0.00,1.51,0.00,1.00,1.00,492.03,3.14,12.87,58.79,57.30,-26.59,24.00,-0.28,-0.05,17.00,5633.84,-75.00,0.00,0.00
237815.00,2019-07-02 21:30:21.815,11.70,1298.97,0.00,1.51,0.00,1.00,1.00,492.16,3.14,12.81,58.79,57.30,-26.59,24.00,-0.28,-0.03,17.00,5633.84,-75.00,0.00,0.00
237915.00,2019-07-02 21:30:21.915,11.73,1299.32,0.00,1.51,0.00,1.00,1.00,492.29,3.14,12.92,58.79,57.32,-26.59,24.00,-0.29,-0.02,17.00,5633.84,-75.00,0.00,0.00
238015.00,2019-07-02 21:30:22.015,11.62,1299.55,0.00,1.51,0.00,1.00,1.00,492.38,3.14,12.90,58.84,57.32,-26.59,24.00,-0.25,-0.03,17.00,5633.84,-75.00,0.00,0.00
238115.00,2019-07-02 21:30:22.115,11.66,1299.91,0.00,1.51,0.00,1.00,1.00,492.52,3.14,12.81,58.84,57.32,-26.59,23.99,-0.30,-0.02,17.00,5633.84,-75.00,0.00,0.00
238215.00,2019-07-02 21:30:22.215,11.67,1300.26,0.00,1.51,0.00,1.00,1.00,492.65,3.14,12.93,58.84,57.30,-26.55,23.99,-0.28,-0.03,17.00,5633.84,-75.00,0.00,0.00
238315.00,2019-07-02 21:30:22.315,11.65,1300.61,0.00,1.51,0.00,1.00,1.00,492.78,3.14,12.68,58.82,57.30,-26.55,23.99,-0.28,-0.02,17.00,5633.84,-75.00,0.00,0.00
238415.00,2019-07-02 21:30:22.415,11.62,1300.84,0.00,1.51,0.00,1.00,1.00,492.87,3.14,12.93,58.82,57.29,-26.55,23.99,-0.29,-0.02,17.00,5633.84,-75.00,0.00,0.00
238515.00,2019-07-02 21:30:22.515,11.58,1301.19,0.00,1.51,0.00,1.00,1.00,493.00,3.14,12.93,58.77,57.29,-26.51,23.84,-0.28,-0.02,17.00,5633.84,-75.00,0.00,0.00
238615.00,2019-07-02 21:30:22.615,11.62,1301.54,0.00,1.51,0.00,1.00,1.00,493.14,3.14,12.71,58.77,57.29,-26.51,23.84,-0.30,-0.03,17.00,5633.84,-75.00,0.00,0.00
238715.00,2019-07-02 21:30:22.715,11.59,1301.89,0.00,1.51,0.00,1.00,1.00,493.27,3.14,12.91,58.77,57.27,-26.43,23.84,-0.29,-0.03,17.00,5633.84,-75.00,0.00,0.00
238815.00,2019-07-02 21:30:22.815,11.57,1302.13,0.00,1.51,0.00,1.00,1.00,493.36,3.14,12.95,58.86,57.27,-26.43,23.84,-0.31,-0.02,17.00,5633.84,-75.00,0.00,0.00
238915.00,2019-07-02 21:30:22.915,11.59,1302.48,0.00,1.51,0.00,1.00,1.00,493.49,3.14,12.75,58.86,57.34,-26.43,23.71,-0.28,-0.12,17.00,5633.84,-75.00,0.00,0.00
239015.00,2019-07-02 21:30:23.015,11.56,1302.83,0.00,1.51,0.00,1.00,1.00,493.62,3.14,12.88,58.81,57.34,-26.43,23.71,-0.28,-0.03,17.00,5633.84,-75.00,0.00,0.00
239115.00,2019-07-02 21:30:23.115,11.51,1303.07,0.00,1.51,0.00,1.00,1.00,493.71,3.14,12.82,58.81,57.34,-26.43,23.71,-0.30,-0.03,17.00,5633.84,-75.00,0.00,0.00
239215.00,2019-07-02 21:30:23.215,11.55,1303.42,0.00,1.51,0.00,1.00,1.00,493.85,3.14,12.86,58.81,57.36,-26.36,23.71,-0.27,-0.03,17.00,5633.84,-75.00,0.00,0.00
239315.00,2019-07-02 21:30:23.315,11.52,1303.77,0.00,1.51,0.00,1.00,1.00,493.98,3.14,12.90,58.86,57.36,-26.36,23.71,-0.30,-0.02,17.00,5633.84,-75.00,0.00,0.00
239415.00,2019-07-02 21:30:23.415,11.51,1304.12,0.00,1.51,0.00,1.00,1.00,494.11,3.14,12.72,58.86,57.30,-26.36,23.71,-0.29,-0.02,17.00,5633.84,-75.00,0.00,0.00
239515.00,2019-07-02 21:30:23.515,11.51,1304.35,0.00,1.51,0.00,1.00,1.00,494.20,3.14,12.93,58.84,57.30,-26.35,23.71,-0.29,-0.02,17.00,5633.84,-75.00,0.00,0.00
239615.00,2019-07-02 21:30:23.615,11.49,1304.70,0.00,1.51,0.00,1.00,1.00,494.33,3.14,12.94,58.84,57.30,-26.35,23.71,-0.29,-0.02,17.00,5633.84,-75.00,0.00,0.00
239715.00,2019-07-02 21:30:23.715,11.48,1305.05,0.00,1.51,0.00,1.00,1.00,494.47,3.14,12.76,58.84,57.34,-26.31,23.54,-0.27,-0.03,17.00,5633.84,-75.00,0.00,0.00
239815.00,2019-07-02 21:30:23.815,11.44,1305.41,0.00,1.51,0.00,1.00,1.00,494.60,3.14,12.89,58.81,57.34,-26.31,23.54,-0.30,-0.03,17.00,5633.84,-75.00,0.00,0.00
239915.00,2019-07-02 21:30:23.915,11.44,1305.64,0.00,1.51,0.00,1.00,1.00,494.69,3.14,12.73,58.81,57.29,-26.31,23.54,-0.27,-0.05,17.00,5633.84,-75.00,0.00,0.00
240015.00,2019-07-02 21:30:24.015,11.44,1305.99,0.00,1.51,0.00,1.00,1.00,494.82,3.14,12.96,58.81,57.29,-26.22,23.54,-0.27,-0.03,17.00,5633.84,-75.00,0.00,0.00
240115.00,2019-07-02 21:30:24.115,11.44,1306.34,0.00,1.51,0.00,1.00,1.00,494.95,3.14,12.85,58.87,57.29,-26.22,23.49,-0.26,-0.04,17.00,5633.84,-75.00,0.00,0.00
240215.00,2019-07-02 21:30:24.215,11.37,1306.58,0.00,1.51,0.00,1.00,1.00,495.04,3.14,12.79,58.87,57.27,-26.22,23.49,-0.27,-0.04,17.00,5633.84,-75.00,0.00,0.00
240315.00,2019-07-02 21:30:24.315,11.43,1306.93,0.00,1.51,0.00,1.00,1.00,495.18,3.14,12.85,58.82,57.27,-26.17,23.49,-0.30,-0.04,17.00,5633.84,-75.00,0.00,0.00
240415.00,2019-07-02 21:30:24.415,11.40,1307.28,0.00,1.51,0.00,1.00,1.00,495.31,3.14,12.83,58.82,57.25,-26.17,23.49,-0.27,-0.05,17.00,5633.84,-75.00,0.00,0.00
240515.00,2019-07-02 21:30:24.515,11.37,1307.51,0.00,1.51,0.00,1.00,1.00,495.40,3.14,12.85,58.82,57.25,-26.14,23.56,-0.30,-0.02,17.00,5633.84,-75.00,0.00,0.00
240615.00,2019-07-02 21:30:24.615,11.38,1307.86,0.00,1.51,0.00,1.00,1.00,495.53,3.14,12.93,58.87,57.25,-26.14,23.56,-0.28,-0.02,17.00,5633.84,-75.00,0.00,0.00
240715.00,2019-07-02 21:30:24.715,11.38,1308.21,0.00,1.51,0.00,1.00,1.00,495.66,3.14,12.91,58.87,57.34,-26.14,23.56,-0.27,-0.02,17.00,5633.84,-75.00,0.00,0.00
240815.00,2019-07-02 21:30:24.815,11.34,1308.57,0.00,1.51,0.00,1.00,1.00,495.80,3.14,12.85,58.82,57.34,-26.06,23.56,-0.29,-0.08,17.00,5633.84,-75.00,0.00,0.00
240915.00,2019-07-02 21:30:24.915,11.33,1308.80,0.00,1.51,0.00,1.00,1.00,495.89,3.14,12.75,58.82,57.20,-26.06,23.52,-0.28,-0.09,17.00,5633.84,-75.00,0.00,0.00
241015.00,2019-07-02 21:30:25.015,11.34,1309.15,0.00,1.51,0.00,1.00,1.00,496.02,3.14,12.96,58.82,57.20,-26.02,23.52,-0.30,-0.09,17.00,5633.84,-75.00,0.00,0.00
241115.00,2019-07-02 21:30:25.115,11.32,1309.50,0.00,1.51,0.00,1.00,1.00,496.15,3.14,12.89,58.84,57.20,-26.02,23.52,-0.28,-0.03,17.00,5633.84,-75.00,0.00,0.00
241215.00,2019-07-02 21:30:25.215,11.32,1309.74,0.00,1.51,0.00,1.00,1.00,496.24,3.14,12.82,58.84,57.18,-26.02,23.52,-0.28,-0.03,17.00,5633.84,-75.00,0.00,0.00
241315.00,2019-07-02 21:30:25.315,11.26,1310.09,0.00,1.51,0.00,1.00,1.00,496.37,3.14,12.83,58.84,57.18,-26.04,23.48,-0.28,-0.02,17.00,5633.84,-75.00,0.00,0.00
241415.00,2019-07-02 21:30:25.415,11.32,1310.44,0.00,1.51,0.00,1.00,1.00,496.51,3.14,12.91,58.77,57.20,-26.04,23.48,-0.28,-0.03,17.00,5633.84,-75.00,0.00,0.00
241515.00,2019-07-02 21:30:25.515,11.28,1310.67,0.00,1.51,0.00,1.00,1.00,496.60,3.14,12.81,58.77,57.20,-26.04,23.48,-0.28,-0.02,17.00,5633.84,-75.00,0.00,0.00
241615.00,2019-07-02 21:30:25.615,11.24,1311.02,0.00,1.51,0.00,1.00,1.00,496.73,3.14,12.94,58.79,57.20,-25.91,23.48,-0.28,-0.03,17.00,5633.84,-75.00,0.00,0.00
241715.00,2019-07-02 21:30:25.715,11.27,1311.37,0.00,1.51,0.00,1.00,1.00,496.86,3.14,12.74,58.79,57.15,-25.91,23.48,-0.30,-0.03,17.00,5633.84,-75.00,0.00,0.00
241815.00,2019-07-02 21:30:25.815,11.29,1311.61,0.00,1.51,0.00,1.00,1.00,496.95,3.14,12.91,58.79,57.15,-25.88,23.48,-0.28,-0.03,17.00,5633.84,-75.00,0.00,0.00
241915.00,2019-07-02 21:30:25.915,11.20,1311.96,0.00,1.51,0.00,1.00,1.00,497.08,3.14,12.92,58.81,57.16,-25.88,23.48,-0.27,-0.03,17.00,5633.84,-75.00,0.00,0.00
242015.00,2019-07-02 21:30:26.015,11.23,1312.31,0.00,1.51,0.00,1.00,1.00,497.22,3.14,12.79,58.81,57.16,-25.88,23.48,-0.28,-0.03,17.00,5633.84,-75.00,0.00,0.00
242115.00,2019-07-02 21:30:26.115,11.24,1312.55,0.00,1.51,0.00,1.00,1.00,497.30,3.14,12.93,58.91,57.16,-25.87,23.45,-0.28,-0.08,17.00,5633.84,-75.00,0.00,0.00
242215.00,2019-07-02 21:30:26.215,11.19,1312.90,0.00,1.51,0.00,1.00,1.00,497.44,3.14,12.94,58.91,57.20,-25.87,23.45,-0.29,-0.07,17.00,5633.84,-75.00,0.00,0.00
242315.00,2019-07-02 21:30:26.315,11.19,1313.25,0.00,1.51,0.00,1.00,1.00,497.57,3.14,12.95,58.91,57.20,-25.83,23.45,-0.28,-0.06,17.00,5633.84,-75.00,0.00,0.00
242415.00,2019-07-02 21:30:26.415,11.17,1313.48,0.00,1.51,0.00,1.00,1.00,497.66,3.14,12.95,58.86,57.17,-25.83,23.45,-0.28,-0.05,17.00,5633.84,-75.00,0.00,0.00
242515.00,2019-07-02 21:30:26.515,11.19,1313.83,0.00,1.51,0.00,1.00,1.00,497.79,3.14,12.94,58.86,57.17,-25.83,23.37,-0.28,-0.05,17.00,5633.84,-75.00,0.00,0.00
242615.00,2019-07-02 21:30:26.615,11.16,1314.07,0.00,1.51,0.00,1.00,1.00,497.88,3.14,12.71,58.91,57.17,-25.78,23.37,-0.28,-0.03,17.00,5633.84,-75.00,0.00,0.00
242715.00,2019-07-02 21:30:26.715,11.12,1314.42,0.00,1.51,0.00,1.00,1.00,498.01,3.14,12.94,58.91,57.20,-25.78,23.37,-0.29,-0.02,17.00,5633.84,-75.00,0.00,0.00
242815.00,2019-07-02 21:30:26.815,11.16,1314.77,0.00,1.51,0.00,1.00,1.00,498.15,3.14,12.93,58.91,57.20,-25.78,23.37,-0.27,-0.03,17.00,5633.84,-75.00,0.00,0.00
242915.00,2019-07-02 21:30:26.915,11.16,1315.00,0.00,1.51,0.00,1.00,1.00,498.24,3.14,12.95,58.91,57.23,-25.72,23.41,-0.29,-0.05,17.00,5633.84,-75.00,0.00,0.00
243015.00,2019-07-02 21:30:27.015,11.07,1315.35,0.00,1.51,0.00,1.00,1.00,498.37,3.14,12.85,58.91,57.23,-25.72,23.41,-0.28,-0.06,17.00,5633.84,-75.00,0.00,0.00
243115.00,2019-07-02 21:30:27.115,11.11,1315.70,0.00,1.51,0.00,1.00,1.00,498.50,3.14,12.75,58.91,57.23,-25.69,23.41,-0.29,-0.08,17.00,5633.84,-75.00,0.00,0.00
243215.00,2019-07-02 21:30:27.215,11.13,1315.94,0.00,1.51,0.00,1.00,1.00,498.59,3.14,12.96,58.88,57.24,-25.69,23.41,-0.29,-0.09,17.00,5633.84,-75.00,0.00,0.00
243315.00,2019-07-02 21:30:27.315,11.08,1316.29,0.00,1.51,0.00,1.00,1.00,498.72,3.14,12.81,58.88,57.24,-25.69,23.44,-0.28,-0.09,17.00,5633.84,-75.00,0.00,0.00
243415.00,2019-07-02 21:30:27.415,11.05,1316.52,0.00,1.51,0.00,1.00,1.00,498.81,3.14,12.78,58.84,57.13,-25.64,23.44,-0.30,-0.10,17.00,5633.84,-75.00,0.00,0.00
243515.00,2019-07-02 21:30:27.515,11.09,1316.88,0.00,1.51,0.00,1.00,1.00,498.95,3.14,12.95,58.84,57.13,-25.64,23.44,-0.29,-0.10,17.00,5633.84,-75.00,0.00,0.00
243615.00,2019-07-02 21:30:27.615,11.04,1317.23,0.00,1.51,0.00,1.00,1.00,499.08,3.14,12.84,58.84,57.13,-25.56,23.44,-0.31,-0.11,17.00,5633.84,-75.00,0.00,0.00
243715.00,2019-07-02 21:30:27.715,11.03,1317.46,0.00,1.51,0.00,1.00,1.00,499.17,3.14,12.78,58.97,57.11,-25.56,23.41,-0.28,-0.12,17.00,5633.84,-75.00,0.00,0.00
243815.00,2019-07-02 21:30:27.815,10.99,1317.81,0.00,1.51,0.00,1.00,1.00,499.30,3.14,12.92,58.97,57.11,-25.56,23.41,-0.29,-0.12,17.00,5633.84,-75.00,0.00,0.00
243915.00,2019-07-02 21:30:27.915,11.02,1318.16,0.00,1.51,0.00,1.00,1.00,499.43,3.14,12.87,58.98,57.20,-25.57,23.41,-0.30,-0.13,17.00,5633.84,-75.00,0.00,0.00
244015.00,2019-07-02 21:30:28.015,11.01,1318.40,0.00,1.51,0.00,1.00,1.00,499.52,3.14,12.74,58.98,57.20,-25.57,23.41,-0.26,-0.12,17.00,5633.84,-75.00,0.00,0.00
244115.00,2019-07-02 21:30:28.115,10.99,1318.75,0.00,1.51,0.00,1.00,1.00,499.65,3.14,12.94,58.98,57.20,-25.57,23.52,-0.30,-0.12,17.00,5633.84,-75.00,0.00,0.00
244215.00,2019-07-02 21:30:28.215,10.96,1318.98,0.00,1.51,0.00,1.00,1.00,499.74,3.14,12.89,58.89,57.10,-25.55,23.52,-0.28,-0.11,17.00,5633.84,-75.00,0.00,0.00
244315.00,2019-07-02 21:30:28.315,11.00,1319.33,0.00,1.51,0.00,1.00,1.00,499.88,3.14,12.73,58.89,57.10,-25.55,23.52,-0.28,-0.10,17.00,5633.84,-75.00,0.00,0.00
244415.00,2019-07-02 21:30:28.415,10.94,1319.68,0.00,1.51,0.00,1.00,1.00,500.01,3.14,12.96,58.89,57.16,-25.49,23.52,-0.29,-0.10,17.00,5633.84,-75.00,0.00,0.00
244515.00,2019-07-02 21:30:28.515,10.95,1319.92,0.00,1.51,0.00,1.00,1.00,500.10,3.14,12.89,58.98,57.16,-25.49,23.56,-0.28,-0.08,17.00,5633.84,-75.00,0.00,0.00
244615.00,2019-07-02 21:30:28.615,10.96,1320.27,0.00,1.51,0.00,1.00,1.00,500.23,3.14,12.90,58.98,57.16,-25.49,23.56,-0.29,-0.08,17.00,5633.84,-75.00,0.00,0.00
244715.00,2019-07-02 21:30:28.715,10.93,1320.50,0.00,1.51,0.00,1.00,1.00,500.32,3.14,12.79,58.91,57.13,-25.41,23.56,-0.28,-0.03,17.00,5633.84,-75.00,0.00,0.00
244815.00,2019-07-02 21:30:28.815,10.87,1320.85,0.00,1.51,0.00,1.00,1.00,500.45,3.14,12.93,58.91,57.13,-25.41,23.56,-0.28,-0.03,17.00,5633.84,-75.00,0.00,0.00
244915.00,2019-07-02 21:30:28.915,10.88,1321.09,0.00,1.51,0.00,1.00,1.00,500.54,3.14,12.89,58.91,57.04,-25.35,23.71,-0.29,-0.03,17.00,5633.84,-75.00,0.00,0.00
245015.00,2019-07-02 21:30:29.015,10.91,1321.44,0.00,1.51,0.00,1.00,1.00,500.67,3.14,12.81,58.91,57.04,-25.35,23.71,-0.29,-0.02,17.00,5633.84,-75.00,0.00,0.00
245115.00,2019-07-02 21:30:29.115,10.86,1321.79,0.00,1.51,0.00,1.00,1.00,500.81,3.14,12.96,58.91,57.04,-25.35,23.71,-0.29,-0.03,17.00,5633.84,-75.00,0.00,0.00
245215.00,2019-07-02 21:30:29.215,10.87,1322.02,0.00,1.51,0.00,1.00,1.00,500.90,3.14,12.77,58.97,57.13,-25.35,23.71,-0.27,-0.04,17.00,5633.84,-75.00,0.00,0.00
245315.00,2019-07-02 21:30:29.315,10.82,1322.38,0.00,1.51,0.00,1.00,1.00,501.03,3.14,12.93,58.97,57.13,-25.35,23.80,-0.30,-0.03,17.00,5633.84,-75.00,0.00,0.00
245415.00,2019-07-02 21:30:29.415,10.86,1322.61,0.00,1.51,0.00,1.00,1.00,501.12,3.14,12.81,58.97,57.13,-25.35,23.80,-0.29,-0.03,17.00,5633.84,-75.00,0.00,0.00
245515.00,2019-07-02 21:30:29.515,10.84,1322.96,0.00,1.51,0.00,1.00,1.00,501.25,3.14,12.93,58.91,57.13,-25.29,23.80,-0.27,-0.02,17.00,5633.84,-75.00,0.00,0.00
245615.00,2019-07-02 21:30:29.615,10.81,1323.20,0.00,1.51,0.00,1.00,1.00,501.34,3.14,12.79,58.91,57.13,-25.29,23.80,-0.29,-0.07,17.00,5633.84,-75.00,0.00,0.00
245715.00,2019-07-02 21:30:29.715,10.84,1323.55,0.00,1.51,0.00,1.00,1.00,501.47,3.14,12.93,58.91,57.10,-25.31,24.07,-0.27,-0.07,17.00,5633.84,-75.00,0.00,0.00
245815.00,2019-07-02 21:30:29.815,10.81,1323.90,0.00,1.51,0.00,1.00,1.00,501.61,3.14,12.84,58.95,57.10,-25.31,24.07,-0.29,-0.07,17.00,5633.84,-75.00,0.00,0.00
245915.00,2019-07-02 21:30:29.915,10.76,1324.13,0.00,1.51,0.00,1.00,1.00,501.69,3.14,12.77,58.95,57.09,-25.31,24.07,-0.28,-0.09,17.00,5633.84,-75.00,0.00,0.00
246015.00,2019-07-02 21:30:30.015,10.79,1324.48,0.00,1.51,0.00,1.00,1.00,501.83,3.14,12.94,58.95,57.09,-25.21,24.07,-0.28,-0.10,17.00,5633.84,-75.00,0.00,0.00
246115.00,2019-07-02 21:30:30.115,10.78,1324.72,0.00,1.51,0.00,1.00,1.00,501.92,3.14,12.85,58.95,57.09,-25.21,24.27,-0.30,-0.10,17.00,5633.84,-75.00,0.00,0.00
246215.00,2019-07-02 21:30:30.215,10.74,1325.07,0.00,1.51,0.00,1.00,1.00,502.05,3.14,12.74,58.95,57.13,-25.19,24.27,-0.29,-0.12,17.00,5633.84,-75.00,0.00,0.00
246315.00,2019-07-02 21:30:30.315,10.76,1325.30,0.00,1.51,0.00,1.00,1.00,502.14,3.14,12.96,58.94,57.13,-25.19,24.27,-0.30,-0.11,17.00,5633.84,-75.00,0.00,0.00
246415.00,2019-07-02 21:30:30.415,10.75,1325.65,0.00,1.51,0.00,1.00,1.00,502.27,3.14,12.69,58.94,57.16,-25.19,24.27,-0.27,-0.02,17.00,5633.84,-75.00,0.00,0.00
246515.00,2019-07-02 21:30:30.515,10.72,1325.89,0.00,1.51,0.00,1.00,1.00,502.36,3.14,12.90,58.94,57.16,-25.19,24.31,-0.30,-0.03,17.00,5633.84,-75.00,0.00,0.00
246615.00,2019-07-02 21:30:30.615,10.74,1326.24,0.00,1.51,0.00,1.00,1.00,502.49,3.14,12.95,58.94,57.16,-25.19,24.31,-0.28,-0.02,17.00,5633.84,-75.00,0.00,0.00
246715.00,2019-07-02 21:30:30.715,10.70,1326.47,0.00,1.51,0.00,1.00,1.00,502.58,3.14,12.71,58.94,57.05,-25.19,24.31,-0.28,-0.02,17.00,5633.84,-75.00,0.00,0.00
246815.00,2019-07-02 21:30:30.815,10.68,1326.82,0.00,1.51,0.00,1.00,1.00,502.71,3.14,12.91,58.98,57.05,-25.11,24.31,-0.30,-0.02,17.00,5633.84,-75.00,0.00,0.00
246915.00,2019-07-02 21:30:30.915,10.70,1327.17,0.00,1.51,0.00,1.00,1.00,502.85,3.14,12.92,58.98,57.08,-25.11,24.40,-0.27,-0.02,17.00,5633.84,-75.00,0.00,0.00
247015.00,2019-07-02 21:30:31.015,10.69,1327.41,0.00,1.51,0.00,1.00,1.00,502.94,3.14,12.76,58.98,57.08,-25.02,24.40,-0.29,-0.11,17.00,5633.84,-75.00,0.00,0.00
247115.00,2019-07-02 21:30:31.115,10.63,1327.76,0.00,1.51,0.00,1.00,1.00,503.07,3.14,12.92,58.94,57.08,-25.02,24.40,-0.30,-0.09,17.00,5633.84,-75.00,0.00,0.00
247215.00,2019-07-02 21:30:31.215,10.64,1327.99,0.00,1.51,0.00,1.00,1.00,503.16,3.14,12.93,58.94,57.09,-25.02,24.40,-0.26,-0.07,17.00,5633.84,-75.00,0.00,0.00
247315.00,2019-07-02 21:30:31.315,10.62,1328.34,0.00,1.51,0.00,1.00,1.00,503.29,3.14,12.94,58.94,57.09,-24.98,24.38,-0.28,-0.04,17.00,5633.84,-75.00,0.00,0.00
247415.00,2019-07-02 21:30:31.415,10.59,1328.58,0.00,1.51,0.00,1.00,1.00,503.38,3.14,12.85,58.94,57.10,-24.98,24.38,-0.26,-0.03,17.00,5633.84,-75.00,0.00,0.00
247515.00,2019-07-02 21:30:31.515,10.60,1328.93,0.00,1.51,0.00,1.00,1.00,503.51,3.14,12.80,58.94,57.10,-25.05,24.38,-0.29,-0.04,17.00,5633.84,-75.00,0.00,0.00
247615.00,2019-07-02 21:30:31.615,10.63,1329.16,0.00,1.51,0.00,1.00,1.00,503.60,3.14,12.93,58.97,57.10,-25.05,24.38,-0.26,-0.04,17.00,5633.84,-75.00,0.00,0.00
247715.00,2019-07-02 21:30:31.715,10.58,1329.51,0.00,1.51,0.00,1.00,1.00,503.73,3.14,12.86,58.97,57.13,-25.05,24.14,-0.31,-0.04,17.00,5633.84,-75.00,0.00,0.00
247815.00,2019-07-02 21:30:31.815,10.57,1329.75,0.00,1.51,0.00,1.00,1.00,503.82,3.14,12.79,59.04,57.13,-24.88,24.14,-0.27,-0.04,17.00,5633.84,-75.00,0.00,0.00
247915.00,2019-07-02 21:30:31.915,10.55,1330.10,0.00,1.51,0.00,1.00,1.00,503.96,3.14,12.85,59.04,57.09,-24.88,24.14,-0.28,-0.03,17.00,5633.84,-75.00,0.00,0.00
248015.00,2019-07-02 21:30:32.015,10.54,1330.33,0.00,1.51,0.00,1.00,1.00,504.04,3.14,12.92,59.04,57.09,-24.88,24.14,-0.28,-0.03,17.00,5633.84,-75.00,0.00,0.00
248115.00,2019-07-02 21:30:32.115,10.59,1330.69,0.00,1.51,0.00,1.00,1.00,504.18,3.14,12.80,58.99,57.09,-24.92,24.11,-0.29,-0.03,17.00,5633.84,-75.00,0.00,0.00
248215.00,2019-07-02 21:30:32.215,10.58,1330.92,0.00,1.51,0.00,1.00,1.00,504.27,3.14,12.86,58.99,57.13,-24.92,24.11,-0.30,-0.03,17.00,5633.84,-75.00,0.00,0.00
248315.00,2019-07-02 21:30:32.315,10.49,1331.27,0.00,1.51,0.00,1.00,1.00,504.40,3.14,12.82,58.99,57.13,-24.88,24.11,-0.29,-0.02,17.00,5633.84,-75.00,0.00,0.00
248415.00,2019-07-02 21:30:32.415,10.55,1331.50,0.00,1.51,0.00,1.00,1.00,504.49,3.14,12.81,59.04,57.05,-24.88,24.11,-0.28,-0.02,17.00,5633.84,-75.00,0.00,0.00
248515.00,2019-07-02 21:30:32.515,10.51,1331.86,0.00,1.51,0.00,1.00,1.00,504.62,3.14,12.82,59.04,57.05,-24.88,24.07,-0.28,-0.03,17.00,5633.84,-75.00,0.00,0.00
248615.00,2019-07-02 21:30:32.615,10.48,1332.09,0.00,1.51,0.00,1.00,1.00,504.71,3.14,12.92,59.00,57.05,-24.86,24.07,-0.28,-0.03,17.00,5633.84,-75.00,0.00,0.00
248715.00,2019-07-02 21:30:32.715,11.79,1332.44,0.00,1.51,0.00,1.00,1.00,504.84,3.14,12.82,59.00,57.13,-24.86,24.07,-0.31,-0.03,17.00,5633.84,-75.00,0.00,0.00
248815.00,2019-07-02 21:30:32.815,11.32,1332.67,0.00,1.51,0.00,1.00,1.00,504.93,3.14,12.92,59.00,57.13,-24.82,24.07,-0.27,-0.02,17.00,5633.84,-75.00,0.00,0.00
248915.00,2019-07-02 21:30:32.915,10.88,1333.03,0.00,1.51,0.00,1.00,1.00,505.06,3.14,12.92,59.04,57.05,-24.82,24.04,-0.30,-0.03,17.00,5633.84,-75.00,0.00,0.00
249015.00,2019-07-02 21:30:33.015,10.76,1333.26,0.00,1.51,0.00,1.00,1.00,505.15,3.14,12.86,59.04,57.05,-24.82,24.04,-0.28,-0.02,17.00,5633.84,-75.00,0.00,0.00
249115.00,2019-07-02 21:30:33.115,10.63,1333.49,0.00,1.51,0.00,1.00,1.00,505.24,3.14,12.93,58.97,57.05,-24.78,24.04,-0.30,-0.03,17.00,5633.84,-75.00,0.00,0.00
249215.00,2019-07-02 21:30:33.215,10.56,1333.85,0.00,1.51,0.00,1.00,1.00,505.38,3.14,12.74,58.97,57.06,-24.78,24.04,-0.30,-0.02,17.00,5633.84,-75.00,0.00,0.00
249315.00,2019-07-02 21:30:33.315,10.47,1334.08,0.00,1.51,0.00,1.00,1.00,505.46,3.14,12.88,58.97,57.06,-24.78,24.06,-0.28,-0.02,17.00,5633.84,-75.00,0.00,0.00
249415.00,2019-07-02 21:30:33.415,10.44,1334.43,0.00,1.51,0.00,1.00,1.00,505.60,3.14,12.95,58.98,57.10,-24.70,24.06,-0.30,-0.02,17.00,5633.84,-75.00,0.00,0.00
249515.00,2019-07-02 21:30:33.515,10.39,1334.66,0.00,1.51,0.00,1.00,1.00,505.69,3.14,12.75,58.98,57.10,-24.70,24.06,-0.28,-0.02,17.00,5633.84,-75.00,0.00,0.00
249615.00,2019-07-02 21:30:33.615,10.42,1335.02,0.00,1.51,0.00,1.00,1.00,505.82,3.14,12.87,58.98,57.10,-24.60,24.06,-0.28,-0.02,17.00,5633.84,-75.00,0.00,0.00
249715.00,2019-07-02 21:30:33.715,10.42,1335.25,0.00,1.51,0.00,1.00,1.00,505.91,3.14,12.95,59.04,57.04,-24.60,24.04,-0.29,-0.02,17.00,5633.84,-75.00,0.00,0.00
249815.00,2019-07-02 21:30:33.815,10.36,1335.60,0.00,1.51,0.00,1.00,1.00,506.04,3.14,12.77,59.04,57.04,-24.60,24.04,-0.28,-0.02,17.00,5633.84,-75.00,0.00,0.00
249915.00,2019-07-02 21:30:33.915,10.38,1335.83,0.00,1.51,0.00,1.00,1.00,506.13,3.14,12.88,58.95,57.05,-24.63,24.04,-0.28,-0.02,17.00,5633.84,-75.00,0.00,0.00
250015.00,2019-07-02 21:30:34.015,10.38,1336.19,0.00,1.51,0.00,1.00,1.00,506.26,3.14,12.92,58.95,57.05,-24.63,24.04,-0.24,-0.03,17.00,5633.84,-75.00,0.00,0.00
250115.00,2019-07-02 21:30:34.115,10.31,1336.42,0.00,1.51,0.00,1.00,1.00,506.35,3.14,12.81,58.95,57.05,-24.56,24.27,-0.29,-0.03,17.00,5633.84,-75.00,0.00,0.00
250215.00,2019-07-02 21:30:34.215,10.34,1336.77,0.00,1.51,0.00,1.00,1.00,506.48,3.14,12.86,59.02,56.95,-24.56,24.27,-0.28,-0.03,17.00,5633.84,-75.00,0.00,0.00
250315.00,2019-07-02 21:30:34.315,10.33,1337.01,0.00,1.51,0.00,1.00,1.00,506.57,3.14,12.90,59.02,56.95,-24.56,24.27,-0.27,-0.04,17.00,5633.84,-75.00,0.00,0.00
250415.00,2019-07-02 21:30:34.415,11.86,1337.24,0.00,1.51,0.00,1.00,1.00,506.66,3.14,12.82,59.07,57.04,-24.64,24.27,-0.29,-0.04,17.00,5633.84,-75.00,0.00,0.00
250515.00,2019-07-02 21:30:34.515,11.32,1337.59,0.00,1.51,0.00,1.00,1.00,506.79,3.14,12.82,59.07,57.04,-24.64,24.20,-0.28,-0.04,17.00,5633.84,-75.00,0.00,0.00
250615.00,2019-07-02 21:30:34.615,10.92,1337.82,0.00,1.51,0.00,1.00,1.00,506.88,3.14,12.92,59.07,57.04,-24.64,24.20,-0.30,-0.03,17.00,5633.84,-75.00,0.00,0.00
250715.00,2019-07-02 21:30:34.715,10.58,1338.18,0.00,1.51,0.00,1.00,1.00,507.02,3.14,12.93,59.02,56.97,-24.56,24.20,-0.29,-0.03,17.00,5633.84,-75.00,0.00,0.00
250815.00,2019-07-02 21:30:34.815,10.51,1338.41,0.00,1.51,0.00,1.00,1.00,507.10,3.14,12.83,59.02,56.97,-24.56,24.20,-0.28,-0.08,17.00,5633.84,-75.00,0.00,0.00
250915.00,2019-07-02 21:30:34.915,10.36,1338.76,0.00,1.51,0.00,1.00,1.00,507.24,3.14,12.84,59.02,57.03,-24.48,24.20,-0.28,-0.02,17.00,5633.84,-75.00,0.00,0.00
251015.00,2019-07-02 21:30:35.015,10.28,1338.99,0.00,1.51,0.00,1.00,1.00,507.33,3.14,12.91,59.05,57.03,-24.48,24.20,-0.29,-0.02,17.00,5633.84,-75.00,0.00,0.00
251115.00,2019-07-02 21:30:35.115,10.28,1339.23,0.00,1.51,0.00,1.00,1.00,507.41,3.14,12.80,59.05,57.03,-24.48,24.20,-0.29,-0.02,17.00,5633.84,-75.00,0.00,0.00
251215.00,2019-07-02 21:30:35.215,10.23,1339.58,0.00,1.51,0.00,1.00,1.00,507.55,3.14,12.85,59.02,56.99,-24.40,24.20,-0.26,-0.02,17.00,5633.84,-75.00,0.00,0.00
251315.00,2019-07-02 21:30:35.315,10.21,1339.81,0.00,1.51,0.00,1.00,1.00,507.64,3.14,12.87,59.02,56.99,-24.40,24.30,-0.30,-0.03,17.00,5633.84,-75.00,0.00,0.00
251415.00,2019-07-02 21:30:35.415,10.21,1340.17,0.00,1.51,0.00,1.00,1.00,507.77,3.14,12.88,59.02,57.05,-24.46,24.30,-0.28,-0.03,17.00,5633.84,-75.00,0.00,0.00
251515.00,2019-07-02 21:30:35.515,10.19,1340.40,0.00,1.51,0.00,1.00,1.00,507.86,3.14,12.81,59.09,57.05,-24.46,24.30,-0.28,-0.03,17.00,5633.84,-75.00,0.00,0.00
251615.00,2019-07-02 21:30:35.615,10.15,1340.63,0.00,1.51,0.00,1.00,1.00,507.95,3.14,12.87,59.09,57.05,-24.46,24.30,-0.29,-0.03,17.00,5633.84,-75.00,0.00,0.00
251715.00,2019-07-02 21:30:35.715,10.15,1340.98,0.00,1.51,0.00,1.00,1.00,508.08,3.14,12.87,59.05,56.92,-24.42,24.14,-0.28,-0.04,17.00,5633.84,-75.00,0.00,0.00
251815.00,2019-07-02 21:30:35.815,10.16,1341.22,0.00,1.51,0.00,1.00,1.00,508.17,3.14,12.81,59.05,56.92,-24.42,24.14,-0.30,-0.03,17.00,5633.84,-75.00,0.00,0.00
251915.00,2019-07-02 21:30:35.915,10.14,1341.57,0.00,1.51,0.00,1.00,1.00,508.30,3.14,12.89,59.05,57.02,-24.42,24.14,-0.28,-0.03,17.00,5633.84,-75.00,0.00,0.00
252015.00,2019-07-02 21:30:36.015,10.15,1341.80,0.00,1.51,0.00,1.00,1.00,508.39,3.14,12.89,59.05,57.02,-24.41,24.14,-0.29,-0.03,17.00,5633.84,-75.00,0.00,0.00
252115.00,2019-07-02 21:30:36.115,10.13,1342.04,0.00,1.51,0.00,1.00,1.00,508.48,3.14,12.78,59.05,57.02,-24.41,23.95,-0.29,-0.03,17.00,5633.84,-75.00,0.00,0.00
252215.00,2019-07-02 21:30:36.215,10.08,1342.39,0.00,1.51,0.00,1.00,1.00,508.61,3.14,12.86,59.05,56.97,-24.30,23.95,-0.28,-0.04,17.00,5633.84,-75.00,0.00,0.00
252315.00,2019-07-02 21:30:36.315,10.11,1342.62,0.00,1.51,0.00,1.00,1.00,508.70,3.14,12.81,59.04,56.97,-24.30,23.95,-0.29,-0.03,17.00,5633.84,-75.00,0.00,0.00
252415.00,2019-07-02 21:30:36.415,10.09,1342.97,0.00,1.51,0.00,1.00,1.00,508.83,3.14,12.90,59.04,57.04,-24.30,23.95,-0.26,-0.03,17.00,5633.84,-75.00,0.00,0.00
252515.00,2019-07-02 21:30:36.515,10.09,1343.21,0.00,1.51,0.00,1.00,1.00,508.92,3.14,12.96,59.02,57.04,-24.20,23.88,-0.30,-0.03,17.00,5633.84,-75.00,0.00,0.00
252615.00,2019-07-02 21:30:36.615,10.07,1343.44,0.00,1.51,0.00,1.00,1.00,509.01,3.14,12.93,59.02,57.04,-24.20,23.88,-0.28,-0.03,17.00,5633.84,-75.00,0.00,0.00
252715.00,2019-07-02 21:30:36.715,10.06,1343.79,0.00,1.51,0.00,1.00,1.00,509.14,3.14,12.82,59.02,57.04,-24.23,23.88,-0.26,-0.06,17.00,5633.84,-75.00,0.00,0.00
252815.00,2019-07-02 21:30:36.815,10.05,1344.03,0.00,1.51,0.00,1.00,1.00,509.23,3.14,12.79,59.02,57.04,-24.23,23.88,-0.28,-0.06,17.00,5633.84,-75.00,0.00,0.00
252915.00,2019-07-02 21:30:36.915,10.02,1344.38,0.00,1.51,0.00,1.00,1.00,509.37,3.14,12.82,59.02,56.94,-24.23,23.85,-0.29,-0.03,17.00,5633.84,-75.00,0.00,0.00
253015.00,2019-07-02 21:30:37.015,10.02,1344.61,0.00,1.51,0.00,1.00,1.00,509.45,3.14,12.94,59.04,56.94,-24.14,23.85,-0.30,-0.03,17.00,5633.84,-75.00,0.00,0.00
253115.00,2019-07-02 21:30:37.115,10.03,1344.85,0.00,1.51,0.00,1.00,1.00,509.54,3.14,12.78,59.04,56.94,-24.14,23.85,-0.30,-0.03,17.00,5633.84,-75.00,0.00,0.00
253215.00,2019-07-02 21:30:37.215,9.99,1345.20,0.00,1.51,0.00,1.00,1.00,509.68,3.14,12.89,59.04,56.92,-24.14,23.85,-0.28,-0.03,17.00,5633.84,-75.00,0.00,0.00
253315.00,2019-07-02 21:30:37.315,10.01,1345.43,0.00,1.51,0.00,1.00,1.00,509.77,3.14,12.71,59.05,56.92,-24.11,23.69,-0.28,-0.03,17.00,5633.84,-75.00,0.00,0.00
253415.00,2019-07-02 21:30:37.415,9.98,1345.67,0.00,1.51,0.00,1.00,1.00,509.85,3.14,12.88,59.05,56.96,-24.11,23.69,-0.28,-0.02,17.00,5633.84,-75.00,0.00,0.00
253515.00,2019-07-02 21:30:37.515,9.97,1346.02,0.00,1.51,0.00,1.00,1.00,509.99,3.14,12.95,59.05,56.96,-24.14,23.69,-0.29,-0.03,17.00,5633.84,-75.00,0.00,0.00
253615.00,2019-07-02 21:30:37.615,9.99,1346.25,0.00,1.51,0.00,1.00,1.00,510.08,3.14,12.96,59.09,56.96,-24.14,23.69,-0.27,-0.13,17.00,5633.84,-75.00,0.00,0.00
253715.00,2019-07-02 21:30:37.715,9.95,1346.49,0.00,1.51,0.00,1.00,1.00,510.16,3.14,12.95,59.09,56.92,-24.14,23.67,-0.31,-0.12,17.00,5633.84,-75.00,0.00,0.00
253815.00,2019-07-02 21:30:37.815,9.91,1346.84,0.00,1.51,0.00,1.00,1.00,510.30,3.14,12.85,59.06,56.92,-23.95,23.67,-0.29,-0.12,17.00,5633.84,-75.00,0.00,0.00
253915.00,2019-07-02 21:30:37.915,9.94,1347.07,0.00,1.51,0.00,1.00,1.00,510.39,3.14,12.76,59.06,56.96,-23.95,23.67,-0.28,-0.12,17.00,5633.84,-75.00,0.00,0.00
254015.00,2019-07-02 21:30:38.015,9.91,1347.30,0.00,1.51,0.00,1.00,1.00,510.47,3.14,12.91,59.06,56.96,-23.97,23.67,-0.29,-0.03,17.00,5633.84,-75.00,0.00,0.00
254115.00,2019-07-02 21:30:38.115,9.90,1347.66,0.00,1.51,0.00,1.00,1.00,510.61,3.14,12.75,59.13,56.96,-23.97,23.65,-0.29,-0.03,17.00,5633.84,-75.00,0.00,0.00
254215.00,2019-07-02 21:30:38.215,9.91,1347.89,0.00,1.51,0.00,1.00,1.00,510.70,3.14,12.91,59.13,56.95,-23.97,23.65,-0.29,-0.03,17.00,5633.84,-75.00,0.00,0.00
254315.00,2019-07-02 21:30:38.315,9.87,1348.12,0.00,1.51,0.00,1.00,1.00,510.78,3.14,12.81,59.06,56.95,-23.91,23.65,-0.26,-0.03,17.00,5633.84,-75.00,0.00,0.00
254415.00,2019-07-02 21:30:38.415,9.87,1348.47,0.00,1.51,0.00,1.00,1.00,510.92,3.14,12.80,59.06,56.91,-23.91,23.65,-0.27,-0.03,17.00,5633.84,-75.00,0.00,0.00
254515.00,2019-07-02 21:30:38.515,9.85,1348.71,0.00,1.51,0.00,1.00,1.00,511.01,3.14,12.86,59.06,56.91,-23.91,23.54,-0.27,-0.03,17.00,5633.84,-75.00,0.00,0.00
254615.00,2019-07-02 21:30:38.615,9.86,1349.06,0.00,1.51,0.00,1.00,1.00,511.14,3.14,12.80,59.09,56.91,-23.89,23.54,-0.26,-0.02,17.00,5633.84,-75.00,0.00,0.00
254715.00,2019-07-02 21:30:38.715,9.84,1349.29,0.00,1.51,0.00,1.00,1.00,511.23,3.14,12.84,59.09,56.90,-23.89,23.54,-0.30,-0.03,17.00,5633.84,-75.00,0.00,0.00
254815.00,2019-07-02 21:30:38.815,9.86,1349.53,0.00,1.51,0.00,1.00,1.00,511.32,3.14,12.94,59.09,56.90,-23.84,23.54,-0.28,-0.02,17.00,5633.84,-75.00,0.00,0.00
254915.00,2019-07-02 21:30:38.915,9.83,1349.76,0.00,1.51,0.00,1.00,1.00,511.41,3.14,12.78,59.09,56.90,-23.84,23.48,-0.31,-0.03,17.00,5633.84,-75.00,0.00,0.00
255015.00,2019-07-02 21:30:39.015,9.81,1350.11,0.00,1.51,0.00,1.00,1.00,511.54,3.14,12.79,59.09,56.90,-23.84,23.48,-0.30,-0.02,17.00,5633.84,-75.00,0.00,0.00
255115.00,2019-07-02 21:30:39.115,9.80,1350.35,0.00,1.51,0.00,1.00,1.00,511.63,3.14,12.93,59.13,56.90,-23.70,23.48,-0.28,-0.02,17.00,5633.84,-75.00,0.00,0.00
255215.00,2019-07-02 21:30:39.215,9.80,1350.58,0.00,1.51,0.00,1.00,1.00,511.72,3.14,12.71,59.13,56.91,-23.70,23.48,-0.28,-0.02,17.00,5633.84,-75.00,0.00,0.00
255315.00,2019-07-02 21:30:39.315,9.77,1350.93,0.00,1.51,0.00,1.00,1.00,511.85,3.14,12.85,59.13,56.91,-23.77,23.37,-0.27,-0.06,17.00,5633.84,-75.00,0.00,0.00
255415.00,2019-07-02 21:30:39.415,9.74,1351.17,0.00,1.51,0.00,1.00,1.00,511.94,3.14,12.75,59.14,56.89,-23.77,23.37,-0.28,-0.06,17.00,5633.84,-75.00,0.00,0.00
255515.00,2019-07-02 21:30:39.515,9.76,1351.40,0.00,1.51,0.00,1.00,1.00,512.03,3.14,12.75,59.14,56.89,-23.77,23.37,-0.26,-0.08,17.00,5633.84,-75.00,0.00,0.00
255615.00,2019-07-02 21:30:39.615,9.76,1351.75,0.00,1.51,0.00,1.00,1.00,512.16,3.14,12.96,59.14,56.89,-23.71,23.37,-0.29,-0.09,17.00,5633.84,-75.00,0.00,0.00
255715.00,2019-07-02 21:30:39.715,9.76,1351.99,0.00,1.51,0.00,1.00,1.00,512.25,3.14,12.83,59.09,56.84,-23.71,23.37,-0.28,-0.10,17.00,5633.84,-75.00,0.00,0.00
255815.00,2019-07-02 21:30:39.815,9.70,1352.22,0.00,1.51,0.00,1.00,1.00,512.34,3.14,12.94,59.09,56.84,-23.71,23.37,-0.28,-0.11,17.00,5633.84,-75.00,0.00,0.00
255915.00,2019-07-02 21:30:39.915,9.72,1352.57,0.00,1.51,0.00,1.00,1.00,512.47,3.14,12.91,59.16,56.79,-23.77,23.37,-0.30,-0.03,17.00,5633.84,-75.00,0.00,0.00
256015.00,2019-07-02 21:30:40.015,9.71,1352.80,0.00,1.51,0.00,1.00,1.00,512.56,3.14,12.79,59.16,56.79,-23.77,23.37,-0.27,-0.02,17.00,5633.84,-75.00,0.00,0.00
256115.00,2019-07-02 21:30:40.115,11.61,1353.16,0.00,1.51,0.00,1.00,1.00,512.69,3.14,12.92,59.16,56.79,-23.66,23.37,-0.29,-0.03,17.00,5633.84,-75.00,0.00,0.00
256215.00,2019-07-02 21:30:40.215,10.88,1353.39,0.00,1.51,0.00,1.00,1.00,512.78,3.14,12.93,59.12,56.88,-23.66,23.37,-0.28,-0.02,17.00,5633.84,-75.00,0.00,0.00
256315.00,2019-07-02 21:30:40.315,10.29,1353.74,0.00,1.51,0.00,1.00,1.00,512.91,3.14,12.74,59.12,56.88,-23.66,23.37,-0.28,-0.03,17.00,5633.84,-75.00,0.00,0.00
256415.00,2019-07-02 21:30:40.415,10.07,1353.98,0.00,1.51,0.00,1.00,1.00,513.00,3.14,12.90,59.09,56.80,-23.63,23.37,-0.30,-0.02,17.00,5633.84,-75.00,0.00,0.00
256515.00,2019-07-02 21:30:40.515,9.94,1354.21,0.00,1.51,0.00,1.00,1.00,513.09,3.14,12.77,59.09,56.80,-23.63,23.32,-0.28,-0.02,17.00,5633.84,-75.00,0.00,0.00
256615.00,2019-07-02 21:30:40.615,9.76,1354.56,0.00,1.51,0.00,1.00,1.00,513.22,3.14,12.94,59.09,56.80,-23.55,23.32,-0.30,-0.10,17.00,5633.84,-75.00,0.00,0.00
256715.00,2019-07-02 21:30:40.715,9.70,1354.79,0.00,1.51,0.00,1.00,1.00,513.31,3.14,12.92,59.16,56.80,-23.55,23.32,-0.28,-0.08,17.00,5633.84,-75.00,0.00,0.00
256815.00,2019-07-02 21:30:40.815,9.70,1355.03,0.00,1.51,0.00,1.00,1.00,513.40,3.14,12.81,59.16,56.80,-23.55,23.32,-0.28,-0.03,17.00,5633.84,-75.00,0.00,0.00
256915.00,2019-07-02 21:30:40.915,9.65,1355.26,0.00,1.51,0.00,1.00,1.00,513.49,3.14,12.92,59.16,56.80,-23.48,23.23,-0.29,-0.03,17.00,5633.84,-75.00,0.00,0.00
257015.00,2019-07-02 21:30:41.015,9.62,1355.61,0.00,1.51,0.00,1.00,1.00,513.62,3.14,12.87,59.09,56.80,-23.48,23.23,-0.27,-0.03,17.00,5633.84,-75.00,0.00,0.00
257115.00,2019-07-02 21:30:41.115,9.58,1355.85,0.00,1.51,0.00,1.00,1.00,513.71,3.14,12.80,59.09,56.80,-23.48,23.23,-0.29,-0.04,17.00,5633.84,-75.00,0.00,0.00
257215.00,2019-07-02 21:30:41.215,9.58,1356.08,0.00,1.51,0.00,1.00,1.00,513.80,3.14,12.91,59.16,56.80,-23.43,23.23,-0.25,-0.03,17.00,5633.84,-75.00,0.00,0.00
257315.00,2019-07-02 21:30:41.315,9.58,1356.43,0.00,1.51,0.00,1.00,1.00,513.93,3.14,12.73,59.16,56.80,-23.43,23.19,-0.29,-0.02,17.00,5633.84,-75.00,0.00,0.00
257415.00,2019-07-02 21:30:41.415,9.57,1356.67,0.00,1.51,0.00,1.00,1.00,514.02,3.14,12.86,59.16,56.84,-23.44,23.19,-0.26,-0.04,17.00,5633.84,-75.00,0.00,0.00
257515.00,2019-07-02 21:30:41.515,9.55,1356.90,0.00,1.51,0.00,1.00,1.00,514.11,3.14,12.84,59.18,56.84,-23.44,23.19,-0.28,-0.03,17.00,5633.84,-75.00,0.00,0.00
257615.00,2019-07-02 21:30:41.615,9.52,1357.14,0.00,1.51,0.00,1.00,1.00,514.20,3.14,12.96,59.18,56.84,-23.44,23.19,-0.30,-0.02,17.00,5633.84,-75.00,0.00,0.00
257715.00,2019-07-02 21:30:41.715,9.54,1357.49,0.00,1.51,0.00,1.00,1.00,514.33,3.14,12.68,59.13,56.84,-23.35,23.08,-0.28,-0.02,17.00,5633.84,-75.00,0.00,0.00
257815.00,2019-07-02 21:30:41.815,9.52,1357.72,0.00,1.51,0.00,1.00,1.00,514.42,3.14,12.92,59.13,56.84,-23.35,23.08,-0.30,-0.02,17.00,5633.84,-75.00,0.00,0.00
257915.00,2019-07-02 21:30:41.915,9.51,1357.95,0.00,1.51,0.00,1.00,1.00,514.51,3.14,12.95,59.13,56.73,-23.30,23.08,-0.28,-0.02,17.00,5633.84,-75.00,0.00,0.00
258015.00,2019-07-02 21:30:42.015,9.47,1358.19,0.00,1.51,0.00,1.00,1.00,514.60,3.14,12.68,59.13,56.73,-23.30,23.08,-0.28,-0.02,17.00,5633.84,-75.00,0.00,0.00
258115.00,2019-07-02 21:30:42.115,9.51,1358.54,0.00,1.51,0.00,1.00,1.00,514.73,3.14,12.93,59.13,56.73,-23.30,23.01,-0.28,-0.02,17.00,5633.84,-75.00,0.00,0.00
258215.00,2019-07-02 21:30:42.215,9.47,1358.77,0.00,1.51,0.00,1.00,1.00,514.82,3.14,12.92,59.18,56.80,-23.33,23.01,-0.27,-0.03,17.00,5633.84,-75.00,0.00,0.00
258315.00,2019-07-02 21:30:42.315,9.46,1359.01,0.00,1.51,0.00,1.00,1.00,514.91,3.14,12.70,59.18,56.80,-23.33,23.01,-0.29,-0.02,17.00,5633.84,-75.00,0.00,0.00
258415.00,2019-07-02 21:30:42.415,9.47,1359.24,0.00,1.51,0.00,1.00,1.00,515.00,3.14,12.90,59.18,56.72,-23.33,23.01,-0.26,-0.03,17.00,5633.84,-75.00,0.00,0.00
258515.00,2019-07-02 21:30:42.515,9.44,1359.59,0.00,1.51,0.00,1.00,1.00,515.13,3.14,12.94,59.16,56.72,-23.26,22.95,-0.29,-0.02,17.00,5633.84,-75.00,0.00,0.00
258615.00,2019-07-02 21:30:42.615,9.43,1359.83,0.00,1.51,0.00,1.00,1.00,515.22,3.14,12.72,59.16,56.72,-23.26,22.95,-0.28,-0.02,17.00,5633.84,-75.00,0.00,0.00
258715.00,2019-07-02 21:30:42.715,9.43,1360.06,0.00,1.51,0.00,1.00,1.00,515.31,3.14,12.84,59.16,56.78,-23.25,22.95,-0.28,-0.12,17.00,5633.84,-75.00,0.00,0.00
258815.00,2019-07-02 21:30:42.815,9.40,1360.30,0.00,1.51,0.00,1.00,1.00,515.40,3.14,12.85,59.12,56.78,-23.25,22.95,-0.30,-0.12,17.00,5633.84,-75.00,0.00,0.00
258915.00,2019-07-02 21:30:42.915,9.38,1360.53,0.00,1.51,0.00,1.00,1.00,515.49,3.14,12.74,59.12,56.73,-23.25,22.97,-0.28,-0.13,17.00,5633.84,-75.00,0.00,0.00
259015.00,2019-07-02 21:30:43.015,9.41,1360.88,0.00,1.51,0.00,1.00,1.00,515.62,3.14,12.85,59.20,56.73,-23.21,22.97,-0.30,-0.13,17.00,5633.84,-75.00,0.00,0.00
259115.00,2019-07-02 21:30:43.115,9.39,1361.11,0.00,1.51,0.00,1.00,1.00,515.71,3.14,12.86,59.20,56.73,-23.21,22.97,-0.26,-0.12,17.00,5633.84,-75.00,0.00,0.00
259215.00,2019-07-02 21:30:43.215,9.37,1361.35,0.00,1.51,0.00,1.00,1.00,515.80,3.14,12.77,59.20,56.77,-23.12,22.97,-0.29,-0.11,17.00,5633.84,-75.00,0.00,0.00
259315.00,2019-07-02 21:30:43.315,9.35,1361.58,0.00,1.51,0.00,1.00,1.00,515.88,3.14,12.93,59.16,56.77,-23.12,22.88,-0.29,-0.09,17.00,5633.84,-75.00,0.00,0.00
259415.00,2019-07-02 21:30:43.415,9.38,1361.93,0.00,1.51,0.00,1.00,1.00,516.02,3.14,12.92,59.16,56.67,-23.12,22.88,-0.28,-0.07,17.00,5633.84,-75.00,0.00,0.00
259515.00,2019-07-02 21:30:43.515,9.33,1362.17,0.00,1.51,0.00,1.00,1.00,516.11,3.14,12.92,59.11,56.67,-23.12,22.88,-0.28,-0.07,17.00,5633.84,-75.00,0.00,0.00
259615.00,2019-07-02 21:30:43.615,9.30,1362.40,0.00,1.51,0.00,1.00,1.00,516.19,3.14,12.86,59.11,56.67,-23.12,22.88,-0.25,-0.04,17.00,5633.84,-75.00,0.00,0.00
259715.00,2019-07-02 21:30:43.715,9.32,1362.64,0.00,1.51,0.00,1.00,1.00,516.28,3.14,12.78,59.11,56.73,-23.12,22.85,-0.31,-0.04,17.00,5633.84,-75.00,0.00,0.00
259815.00,2019-07-02 21:30:43.815,9.33,1362.87,0.00,1.51,0.00,1.00,1.00,516.37,3.14,12.96,59.20,56.73,-23.04,22.85,-0.28,-0.05,17.00,5633.84,-75.00,0.00,0.00
259915.00,2019-07-02 21:30:43.915,9.31,1363.22,0.00,1.51,0.00,1.00,1.00,516.51,3.14,12.84,59.20,56.73,-23.04,22.85,-0.27,-0.05,17.00,5633.84,-75.00,0.00,0.00
260015.00,2019-07-02 21:30:44.015,9.25,1363.46,0.00,1.51,0.00,1.00,1.00,516.59,3.14,12.80,59.20,56.73,-23.04,22.85,-0.27,-0.04,17.00,5633.84,-75.00,0.00,0.00
260115.00,2019-07-02 21:30:44.115,9.25,1363.69,0.00,1.51,0.00,1.00,1.00,516.68,3.14,12.93,59.11,56.73,-23.04,23.02,-0.26,-0.05,17.00,5633.84,-75.00,0.00,0.00
260215.00,2019-07-02 21:30:44.215,9.25,1363.92,0.00,1.51,0.00,1.00,1.00,516.77,3.14,12.85,59.11,56.78,-23.04,23.02,-0.28,-0.05,17.00,5633.84,-75.00,0.00,0.00
260315.00,2019-07-02 21:30:44.315,9.27,1364.16,0.00,1.51,0.00,1.00,1.00,516.86,3.14,12.78,59.18,56.78,-22.91,23.02,-0.28,-0.05,17.00,5633.84,-75.00,0.00,0.00
260415.00,2019-07-02 21:30:44.415,9.23,1364.51,0.00,1.51,0.00,1.00,1.00,516.99,3.14,12.94,59.18,56.64,-22.91,23.02,-0.29,-0.06,17.00,5633.84,-75.00,0.00,0.00
260515.00,2019-07-02 21:30:44.515,9.20,1364.74,0.00,1.51,0.00,1.00,1.00,517.08,3.14,12.85,59.18,56.64,-22.92,22.90,-0.30,-0.06,17.00,5633.84,-75.00,0.00,0.00
260615.00,2019-07-02 21:30:44.615,9.23,1364.98,0.00,1.51,0.00,1.00,1.00,517.17,3.14,12.84,59.16,56.64,-22.92,22.90,-0.28,-0.04,17.00,5633.84,-75.00,0.00,0.00
260715.00,2019-07-02 21:30:44.715,9.25,1365.21,0.00,1.51,0.00,1.00,1.00,517.26,3.14,12.85,59.16,56.67,-22.92,22.90,-0.29,-0.03,17.00,5633.84,-75.00,0.00,0.00
260815.00,2019-07-02 21:30:44.815,9.21,1365.44,0.00,1.51,0.00,1.00,1.00,517.35,3.14,12.89,59.18,56.67,-22.84,22.90,-0.26,-0.04,17.00,5633.84,-75.00,0.00,0.00
260915.00,2019-07-02 21:30:44.915,9.19,1365.68,0.00,1.51,0.00,1.00,1.00,517.44,3.14,12.81,59.18,56.71,-22.84,22.75,-0.29,-0.02,17.00,5633.84,-75.00,0.00,0.00
261015.00,2019-07-02 21:30:45.015,9.19,1366.03,0.00,1.51,0.00,1.00,1.00,517.57,3.14,12.81,59.18,56.71,-22.84,22.75,-0.29,-0.02,17.00,5633.84,-75.00,0.00,0.00
261115.00,2019-07-02 21:30:45.115,9.18,1366.26,0.00,1.51,0.00,1.00,1.00,517.66,3.14,12.79,59.14,56.71,-22.80,22.75,-0.27,-0.02,17.00,5633.84,-75.00,0.00,0.00
261215.00,2019-07-02 21:30:45.215,9.17,1366.50,0.00,1.51,0.00,1.00,1.00,517.75,3.14,12.80,59.14,56.62,-22.80,22.75,-0.29,-0.03,17.00,5633.84,-75.00,0.00,0.00
261315.00,2019-07-02 21:30:45.315,9.13,1366.73,0.00,1.51,0.00,1.00,1.00,517.84,3.14,12.92,59.14,56.62,-22.73,22.75,-0.28,-0.02,17.00,5633.84,-75.00,0.00,0.00
261415.00,2019-07-02 21:30:45.415,9.10,1366.97,0.00,1.51,0.00,1.00,1.00,517.92,3.14,12.71,59.23,56.64,-22.73,22.75,-0.30,-0.03,17.00,5633.84,-75.00,0.00,0.00
261515.00,2019-07-02 21:30:45.515,9.13,1367.20,0.00,1.51,0.00,1.00,1.00,518.01,3.14,12.87,59.23,56.64,-22.73,22.75,-0.29,-0.12,17.00,5633.84,-75.00,0.00,0.00
261615.00,2019-07-02 21:30:45.615,9.14,1367.55,0.00,1.51,0.00,1.00,1.00,518.15,3.14,12.79,59.14,56.64,-22.73,22.75,-0.28,-0.03,17.00,5633.84,-75.00,0.00,0.00
261715.00,2019-07-02 21:30:45.715,9.12,1367.79,0.00,1.51,0.00,1.00,1.00,518.23,3.14,12.87,59.14,56.66,-22.73,22.86,-0.30,-0.03,17.00,5633.84,-75.00,0.00,0.00
261815.00,2019-07-02 21:30:45.815,9.09,1368.02,0.00,1.51,0.00,1.00,1.00,518.32,3.14,12.72,59.14,56.66,-22.70,22.86,-0.28,-0.02,17.00,5633.84,-75.00,0.00,0.00
261915.00,2019-07-02 21:30:45.915,9.10,1368.25,0.00,1.51,0.00,1.00,1.00,518.41,3.14,12.74,59.13,56.64,-22.70,22.86,-0.30,-0.02,17.00,5633.84,-75.00,0.00,0.00
262015.00,2019-07-02 21:30:46.015,9.09,1368.49,0.00,1.51,0.00,1.00,1.00,518.50,3.14,12.86,59.13,56.64,-22.70,22.86,-0.26,-0.02,17.00,5633.84,-75.00,0.00,0.00
262115.00,2019-07-02 21:30:46.115,9.06,1368.72,0.00,1.51,0.00,1.00,1.00,518.59,3.14,12.86,59.09,56.64,-22.68,22.86,-0.30,-0.03,17.00,5633.84,-75.00,0.00,0.00
262215.00,2019-07-02 21:30:46.215,9.07,1368.96,0.00,1.51,0.00,1.00,1.00,518.68,3.14,12.95,59.09,56.69,-22.68,22.86,-0.27,-0.02,17.00,5633.84,-75.00,0.00,0.00
262315.00,2019-07-02 21:30:46.315,10.19,1369.42,0.00,1.51,0.00,1.00,1.00,518.86,3.14,12.74,59.09,56.69,-22.68,22.86,-0.28,-0.03,17.00,5633.84,-75.00,0.00,0.00
262415.00,2019-07-02 21:30:46.415,9.81,1369.66,0.00,1.51,0.00,1.00,1.00,518.94,3.14,12.90,59.16,56.60,-22.55,22.86,-0.27,-0.02,17.00,5633.84,-75.00,0.00,0.00
262515.00,2019-07-02 21:30:46.515,9.49,1369.89,0.00,1.51,0.00,1.00,1.00,519.03,3.14,12.92,59.16,56.60,-22.55,22.73,-0.27,-0.02,17.00,5633.84,-75.00,0.00,0.00
262615.00,2019-07-02 21:30:46.615,9.29,1370.13,0.00,1.51,0.00,1.00,1.00,519.12,3.14,12.74,59.18,56.60,-22.56,22.73,-0.29,-0.06,17.00,5633.84,-75.00,0.00,0.00
262715.00,2019-07-02 21:30:46.715,9.17,1370.36,0.00,1.51,0.00,1.00,1.00,519.21,3.14,12.91,59.18,56.57,-22.56,22.73,-0.27,-0.04,17.00,5633.84,-75.00,0.00,0.00
262815.00,2019-07-02 21:30:46.815,9.09,1370.59,0.00,1.51,0.00,1.00,1.00,519.30,3.14,12.95,59.18,56.57,-22.56,22.73,-0.27,-0.04,17.00,5633.84,-75.00,0.00,0.00
262915.00,2019-07-02 21:30:46.915,9.05,1370.83,0.00,1.51,0.00,1.00,1.00,519.39,3.14,12.71,59.18,56.62,-22.46,22.73,-0.27,-0.05,17.00,5633.84,-75.00,0.00,0.00
263015.00,2019-07-02 21:30:47.015,8.99,1371.18,0.00,1.51,0.00,1.00,1.00,519.52,3.14,12.92,59.18,56.62,-22.46,22.73,-0.26,-0.04,17.00,5633.84,-75.00,0.00,0.00
263115.00,2019-07-02 21:30:47.115,8.98,1371.41,0.00,1.51,0.00,1.00,1.00,519.61,3.14,12.70,59.18,56.62,-22.42,22.73,-0.27,-0.03,17.00,5633.84,-75.00,0.00,0.00
263215.00,2019-07-02 21:30:47.215,8.97,1371.65,0.00,1.51,0.00,1.00,1.00,519.70,3.14,12.68,59.18,56.58,-22.42,22.73,-0.26,-0.02,17.00,5633.84,-75.00,0.00,0.00
263315.00,2019-07-02 21:30:47.315,8.97,1371.88,0.00,1.51,0.00,1.00,1.00,519.79,3.14,12.94,59.18,56.58,-22.42,22.66,-0.32,-0.03,17.00,5633.84,-75.00,0.00,0.00
263415.00,2019-07-02 21:30:47.415,8.94,1372.12,0.00,1.51,0.00,1.00,1.00,519.88,3.14,12.93,59.12,56.60,-22.46,22.66,-0.28,-0.03,17.00,5633.84,-75.00,0.00,0.00
263515.00,2019-07-02 21:30:47.515,8.91,1372.35,0.00,1.51,0.00,1.00,1.00,519.96,3.14,12.71,59.12,56.60,-22.46,22.66,-0.28,-0.04,17.00,5633.84,-75.00,0.00,0.00
263615.00,2019-07-02 21:30:47.615,8.93,1372.58,0.00,1.51,0.00,1.00,1.00,520.05,3.14,12.92,59.12,56.60,-22.46,22.66,-0.28,-0.03,17.00,5633.84,-75.00,0.00,0.00
263715.00,2019-07-02 21:30:47.715,8.92,1372.82,0.00,1.51,0.00,1.00,1.00,520.14,3.14,12.71,59.16,56.57,-22.41,22.60,-0.27,-0.02,17.00,5633.84,-75.00,0.00,0.00
263815.00,2019-07-02 21:30:47.815,8.91,1373.05,0.00,1.51,0.00,1.00,1.00,520.23,3.14,12.72,59.16,56.57,-22.41,22.60,-0.29,-0.02,17.00,5633.84,-75.00,0.00,0.00
263915.00,2019-07-02 21:30:47.915,8.90,1373.40,0.00,1.51,0.00,1.00,1.00,520.36,3.14,12.89,59.25,56.58,-22.34,22.60,-0.28,-0.01,17.00,5633.84,-75.00,0.00,0.00
264015.00,2019-07-02 21:30:48.015,8.85,1373.64,0.00,1.51,0.00,1.00,1.00,520.45,3.14,12.95,59.25,56.58,-22.34,22.60,-0.28,-0.03,17.00,5633.84,-75.00,0.00,0.00
264115.00,2019-07-02 21:30:48.115,8.86,1373.87,0.00,1.51,0.00,1.00,1.00,520.54,3.14,12.68,59.25,56.58,-22.34,22.64,-0.28,-0.02,17.00,5633.84,-75.00,0.00,0.00
264215.00,2019-07-02 21:30:48.215,8.84,1374.11,0.00,1.51,0.00,1.00,1.00,520.63,3.14,12.81,59.30,56.59,-22.30,22.64,-0.29,-0.11,17.00,5633.84,-75.00,0.00,0.00
264315.00,2019-07-02 21:30:48.315,8.88,1374.34,0.00,1.51,0.00,1.00,1.00,520.72,3.14,12.77,59.30,56.59,-22.30,22.64,-0.30,-0.12,17.00,5633.84,-75.00,0.00,0.00
264415.00,2019-07-02 21:30:48.415,8.84,1374.57,0.00,1.51,0.00,1.00,1.00,520.81,3.14,12.94,59.30,56.60,-22.24,22.64,-0.27,-0.12,17.00,5633.84,-75.00,0.00,0.00
264515.00,2019-07-02 21:30:48.515,8.80,1374.81,0.00,1.51,0.00,1.00,1.00,520.90,3.14,12.85,59.23,56.60,-22.24,22.58,-0.30,-0.11,17.00,5633.84,-75.00,0.00,0.00
264615.00,2019-07-02 21:30:48.615,8.82,1375.04,0.00,1.51,0.00,1.00,1.00,520.98,3.14,12.91,59.23,56.60,-22.24,22.58,-0.28,-0.02,17.00,5633.84,-75.00,0.00,0.00
264715.00,2019-07-02 21:30:48.715,8.80,1375.28,0.00,1.51,0.00,1.00,1.00,521.07,3.14,12.92,59.19,56.58,-22.16,22.58,-0.28,-0.04,17.00,5633.84,-75.00,0.00,0.00
264815.00,2019-07-02 21:30:48.815,8.79,1375.51,0.00,1.51,0.00,1.00,1.00,521.16,3.14,12.94,59.19,56.58,-22.16,22.58,-0.29,-0.12,17.00,5633.84,-75.00,0.00,0.00
264915.00,2019-07-02 21:30:48.915,8.79,1375.74,0.00,1.51,0.00,1.00,1.00,521.25,3.14,12.90,59.19,56.55,-22.16,22.62,-0.27,-0.11,17.00,5633.84,-75.00,0.00,0.00
265015.00,2019-07-02 21:30:49.015,8.78,1376.09,0.00,1.51,0.00,1.00,1.00,521.38,3.14,12.80,59.27,56.55,-22.05,22.62,-0.30,-0.04,17.00,5633.84,-75.00,0.00,0.00
265115.00,2019-07-02 21:30:49.115,8.76,1376.33,0.00,1.51,0.00,1.00,1.00,521.47,3.14,12.91,59.27,56.55,-22.05,22.62,-0.28,-0.02,17.00,5633.84,-75.00,0.00,0.00
265215.00,2019-07-02 21:30:49.215,8.77,1376.56,0.00,1.51,0.00,1.00,1.00,521.56,3.14,12.86,59.14,56.48,-22.13,22.62,-0.28,-0.02,17.00,5633.84,-75.00,0.00,0.00
265315.00,2019-07-02 21:30:49.315,8.77,1376.80,0.00,1.51,0.00,1.00,1.00,521.65,3.14,12.80,59.14,56.48,-22.13,22.66,-0.27,-0.04,17.00,5633.84,-75.00,0.00,0.00
265415.00,2019-07-02 21:30:49.415,8.71,1377.03,0.00,1.51,0.00,1.00,1.00,521.74,3.14,12.93,59.14,56.50,-22.13,22.66,-0.28,-0.03,17.00,5633.84,-75.00,0.00,0.00
265515.00,2019-07-02 21:30:49.515,8.71,1377.27,0.00,1.51,0.00,1.00,1.00,521.83,3.14,12.78,59.16,56.50,-22.06,22.66,-0.29,-0.04,17.00,5633.84,-75.00,0.00,0.00
265615.00,2019-07-02 21:30:49.615,8.73,1377.50,0.00,1.51,0.00,1.00,1.00,521.91,3.14,12.88,59.16,56.50,-22.06,22.66,-0.27,-0.02,17.00,5633.84,-75.00,0.00,0.00
265715.00,2019-07-02 21:30:49.715,8.72,1377.73,0.00,1.51,0.00,1.00,1.00,522.00,3.14,12.91,59.16,56.55,-22.04,22.66,-0.28,-0.02,17.00,5633.84,-75.00,0.00,0.00
265815.00,2019-07-02 21:30:49.815,8.70,1377.97,0.00,1.51,0.00,1.00,1.00,522.09,3.14,12.91,59.23,56.55,-22.04,22.66,-0.26,-0.02,17.00,5633.84,-75.00,0.00,0.00
265915.00,2019-07-02 21:30:49.915,8.66,1378.20,0.00,1.51,0.00,1.00,1.00,522.18,3.14,12.85,59.23,56.46,-22.04,22.66,-0.28,-0.03,17.00,5633.84,-75.00,0.00,0.00
266015.00,2019-07-02 21:30:50.015,8.69,1378.44,0.00,1.51,0.00,1.00,1.00,522.27,3.14,12.86,59.26,56.46,-22.01,22.66,-0.29,-0.03,17.00,5633.84,-75.00,0.00,0.00
266115.00,2019-07-02 21:30:50.115,8.66,1378.67,0.00,1.51,0.00,1.00,1.00,522.36,3.14,12.82,59.26,56.46,-22.01,22.66,-0.28,-0.04,17.00,5633.84,-75.00,0.00,0.00
266215.00,2019-07-02 21:30:50.215,8.67,1378.90,0.00,1.51,0.00,1.00,1.00,522.45,3.14,12.82,59.26,56.52,-22.01,22.66,-0.30,-0.03,17.00,5633.84,-75.00,0.00,0.00
266315.00,2019-07-02 21:30:50.315,8.64,1379.14,0.00,1.51,0.00,1.00,1.00,522.54,3.14,12.95,59.30,56.52,-22.01,22.66,-0.28,-0.02,17.00,5633.84,-75.00,0.00,0.00
266415.00,2019-07-02 21:30:50.415,8.62,1379.37,0.00,1.51,0.00,1.00,1.00,522.62,3.14,12.69,59.30,56.48,-22.01,22.66,-0.28,-0.02,17.00,5633.84,-75.00,0.00,0.00
266515.00,2019-07-02 21:30:50.515,8.65,1379.61,0.00,1.51,0.00,1.00,1.00,522.71,3.14,12.93,59.14,56.48,-21.91,23.05,-0.30,-0.03,17.00,5633.84,-75.00,0.00,0.00
266615.00,2019-07-02 21:30:50.615,8.63,1379.84,0.00,1.51,0.00,1.00,1.00,522.80,3.14,12.83,59.14,56.48,-21.91,23.05,-0.28,-0.07,17.00,5633.84,-75.00,0.00,0.00
266715.00,2019-07-02 21:30:50.715,8.61,1380.19,0.00,1.51,0.00,1.00,1.00,522.93,3.14,12.84,59.14,56.51,-21.91,23.05,-0.29,-0.03,17.00,5633.84,-75.00,0.00,0.00
266815.00,2019-07-02 21:30:50.815,8.56,1380.43,0.00,1.51,0.00,1.00,1.00,523.02,3.14,12.91,59.30,56.51,-21.86,23.05,-0.26,-0.03,17.00,5633.84,-75.00,0.00,0.00
266915.00,2019-07-02 21:30:50.915,8.58,1380.66,0.00,1.51,0.00,1.00,1.00,523.11,3.14,12.71,59.30,56.55,-21.86,23.02,-0.30,-0.02,17.00,5633.84,-75.00,0.00,0.00
267015.00,2019-07-02 21:30:51.015,8.58,1380.89,0.00,1.51,0.00,1.00,1.00,523.20,3.14,12.89,59.30,56.55,-21.76,23.02,-0.29,-0.02,17.00,5633.84,-75.00,0.00,0.00
267115.00,2019-07-02 21:30:51.115,8.56,1381.13,0.00,1.51,0.00,1.00,1.00,523.29,3.14,12.73,59.28,56.55,-21.76,23.02,-0.28,-0.12,17.00,5633.84,-75.00,0.00,0.00
267215.00,2019-07-02 21:30:51.215,8.58,1381.36,0.00,1.51,0.00,1.00,1.00,523.38,3.14,12.95,59.28,56.51,-21.76,23.02,-0.30,-0.12,17.00,5633.84,-75.00,0.00,0.00
267315.00,2019-07-02 21:30:51.315,8.54,1381.60,0.00,1.51,0.00,1.00,1.00,523.47,3.14,12.82,59.23,56.51,-21.80,22.94,-0.29,-0.13,17.00,5633.84,-75.00,0.00,0.00
267415.00,2019-07-02 21:30:51.415,8.51,1381.83,0.00,1.51,0.00,1.00,1.00,523.56,3.14,12.81,59.23,56.55,-21.80,22.94,-0.30,-0.03,17.00,5633.84,-75.00,0.00,0.00
267515.00,2019-07-02 21:30:51.515,8.54,1382.06,0.00,1.51,0.00,1.00,1.00,523.64,3.14,12.84,59.23,56.55,-21.80,22.94,-0.29,-0.02,17.00,5633.84,-75.00,0.00,0.00
267615.00,2019-07-02 21:30:51.615,8.52,1382.30,0.00,1.51,0.00,1.00,1.00,523.73,3.14,12.71,59.27,56.55,-21.77,22.94,-0.28,-0.02,17.00,5633.84,-75.00,0.00,0.00
267715.00,2019-07-02 21:30:51.715,8.49,1382.53,0.00,1.51,0.00,1.00,1.00,523.82,3.14,12.88,59.27,56.51,-21.77,22.90,-0.28,-0.12,17.00,5633.84,-75.00,0.00,0.00
267815.00,2019-07-02 21:30:51.815,8.49,1382.77,0.00,1.51,0.00,1.00,1.00,523.91,3.14,12.74,59.38,56.51,-21.72,22.90,-0.28,-0.11,17.00,5633.84,-75.00,0.00,0.00
267915.00,2019-07-02 21:30:51.915,8.48,1383.00,0.00,1.51,0.00,1.00,1.00,524.00,3.14,12.75,59.38,56.50,-21.72,22.90,-0.28,-0.09,17.00,5633.84,-75.00,0.00,0.00
268015.00,2019-07-02 21:30:52.015,8.50,1383.23,0.00,1.51,0.00,1.00,1.00,524.09,3.14,12.94,59.38,56.50,-21.72,22.90,-0.26,-0.07,17.00,5633.84,-75.00,0.00,0.00
268115.00,2019-07-02 21:30:52.115,8.46,1383.47,0.00,1.51,0.00,1.00,1.00,524.18,3.14,12.71,59.35,56.50,-21.76,22.84,-0.30,-0.08,17.00,5633.84,-75.00,0.00,0.00
268215.00,2019-07-02 21:30:52.215,8.47,1383.70,0.00,1.51,0.00,1.00,1.00,524.27,3.14,12.71,59.35,56.45,-21.76,22.84,-0.28,-0.05,17.00,5633.84,-75.00,0.00,0.00
268315.00,2019-07-02 21:30:52.315,8.42,1383.94,0.00,1.51,0.00,1.00,1.00,524.35,3.14,12.93,59.35,56.45,-21.59,22.84,-0.27,-0.04,17.00,5633.84,-75.00,0.00,0.00
268415.00,2019-07-02 21:30:52.415,8.42,1384.17,0.00,1.51,0.00,1.00,1.00,524.44,3.14,12.95,59.32,56.53,-21.59,22.84,-0.26,-0.03,17.00,5633.84,-75.00,0.00,0.00
268515.00,2019-07-02 21:30:52.515,8.42,1384.40,0.00,1.51,0.00,1.00,1.00,524.53,3.14,12.71,59.32,56.53,-21.59,22.96,-0.25,-0.02,17.00,5633.84,-75.00,0.00,0.00
268615.00,2019-07-02 21:30:52.615,8.42,1384.64,0.00,1.51,0.00,1.00,1.00,524.62,3.14,12.92,59.30,56.53,-21.63,22.96,-0.27,-0.03,17.00,5633.84,-75.00,0.00,0.00
268715.00,2019-07-02 21:30:52.715,8.39,1384.87,0.00,1.51,0.00,1.00,1.00,524.71,3.14,12.92,59.30,56.55,-21.63,22.96,-0.29,-0.03,17.00,5633.84,-75.00,0.00,0.00
268815.00,2019-07-02 21:30:52.815,8.37,1385.11,0.00,1.51,0.00,1.00,1.00,524.80,3.14,12.71,59.30,56.55,-21.63,22.96,-0.28,-0.03,17.00,5633.84,-75.00,0.00,0.00
268915.00,2019-07-02 21:30:52.915,8.39,1385.34,0.00,1.51,0.00,1.00,1.00,524.89,3.14,12.95,59.38,56.45,-21.59,22.95,-0.29,-0.03,17.00,5633.84,-75.00,0.00,0.00
269015.00,2019-07-02 21:30:53.015,8.40,1385.57,0.00,1.51,0.00,1.00,1.00,524.97,3.14,12.69,59.38,56.45,-21.59,22.95,-0.29,-0.02,17.00,5633.84,-75.00,0.00,0.00
269115.00,2019-07-02 21:30:53.115,8.35,1385.81,0.00,1.51,0.00,1.00,1.00,525.06,3.14,12.90,59.26,56.45,-21.52,22.95,-0.29,-0.03,17.00,5633.84,-75.00,0.00,0.00
269215.00,2019-07-02 21:30:53.215,8.33,1386.04,0.00,1.51,0.00,1.00,1.00,525.15,3.14,12.89,59.26,56.48,-21.52,22.95,-0.26,-0.03,17.00,5633.84,-75.00,0.00,0.00
269315.00,2019-07-02 21:30:53.315,8.33,1386.28,0.00,1.51,0.00,1.00,1.00,525.24,3.14,12.76,59.26,56.48,-21.52,23.10,-0.30,-0.10,17.00,5633.84,-75.00,0.00,0.00
269415.00,2019-07-02 21:30:53.415,8.34,1386.51,0.00,1.51,0.00,1.00,1.00,525.33,3.14,12.82,59.26,56.46,-21.38,23.10,-0.29,-0.03,17.00,5633.84,-75.00,0.00,0.00
269515.00,2019-07-02 21:30:53.515,8.34,1386.74,0.00,1.51,0.00,1.00,1.00,525.42,3.14,12.79,59.26,56.46,-21.38,23.10,-0.27,-0.02,17.00,5633.84,-75.00,0.00,0.00
269615.00,2019-07-02 21:30:53.615,8.32,1386.98,0.00,1.51,0.00,1.00,1.00,525.51,3.14,12.84,59.26,56.46,-21.50,23.10,-0.29,-0.03,17.00,5633.84,-75.00,0.00,0.00
269715.00,2019-07-02 21:30:53.715,8.30,1387.10,0.00,1.51,0.00,1.00,1.00,525.55,3.14,12.91,59.26,56.55,-21.50,23.32,-0.28,-0.02,17.00,5633.84,-75.00,0.00,0.00
269815.00,2019-07-02 21:30:53.815,8.28,1387.33,0.00,1.51,0.00,1.00,1.00,525.64,3.14,12.72,59.26,56.55,-21.50,23.32,-0.29,-0.03,17.00,5633.84,-75.00,0.00,0.00
269915.00,2019-07-02 21:30:53.915,8.30,1387.56,0.00,1.51,0.00,1.00,1.00,525.73,3.14,12.89,59.30,56.48,-21.45,23.32,-0.29,-0.02,17.00,5633.84,-75.00,0.00,0.00
270015.00,2019-07-02 21:30:54.015,8.27,1387.80,0.00,1.51,0.00,1.00,1.00,525.82,3.14,12.73,59.30,56.48,-21.45,23.32,-0.29,-0.12,17.00,5633.84,-75.00,0.00,0.00
270115.00,2019-07-02 21:30:54.115,8.25,1388.03,0.00,1.51,0.00,1.00,1.00,525.91,3.14,12.74,59.30,56.48,-21.45,23.20,-0.30,-0.12,17.00,5633.84,-75.00,0.00,0.00
270215.00,2019-07-02 21:30:54.215,8.25,1388.27,0.00,1.51,0.00,1.00,1.00,525.99,3.14,12.86,59.30,56.48,-21.42,23.20,-0.29,-0.03,17.00,5633.84,-75.00,0.00,0.00
270315.00,2019-07-02 21:30:54.315,8.26,1388.50,0.00,1.51,0.00,1.00,1.00,526.08,3.14,12.80,59.30,56.48,-21.42,23.20,-0.29,-0.03,17.00,5633.84,-75.00,0.00,0.00
270415.00,2019-07-02 21:30:54.415,8.23,1388.73,0.00,1.51,0.00,1.00,1.00,526.17,3.14,12.86,59.34,56.46,-21.32,23.20,-0.27,-0.02,17.00,5633.84,-75.00,0.00,0.00
270515.00,2019-07-02 21:30:54.515,8.21,1388.97,0.00,1.51,0.00,1.00,1.00,526.26,3.14,12.73,59.34,56.46,-21.32,23.23,-0.30,-0.06,17.00,5633.84,-75.00,0.00,0.00
270615.00,2019-07-02 21:30:54.615,8.23,1389.20,0.00,1.51,0.00,1.00,1.00,526.35,3.14,12.94,59.34,56.46,-21.32,23.23,-0.30,-0.06,17.00,5633.84,-75.00,0.00,0.00
270715.00,2019-07-02 21:30:54.715,8.20,1389.44,0.00,1.51,0.00,1.00,1.00,526.44,3.14,12.92,59.30,56.44,-21.34,23.23,-0.29,-0.04,17.00,5633.84,-75.00,0.00,0.00
270815.00,2019-07-02 21:30:54.815,8.18,1389.67,0.00,1.51,0.00,1.00,1.00,526.53,3.14,12.73,59.30,56.44,-21.34,23.23,-0.30,-0.03,17.00,5633.84,-75.00,0.00,0.00
270915.00,2019-07-02 21:30:54.915,8.19,1389.90,0.00,1.51,0.00,1.00,1.00,526.62,3.14,12.91,59.30,56.53,-21.25,23.13,-0.27,-0.03,17.00,5633.84,-75.00,0.00,0.00
271015.00,2019-07-02 21:30:55.015,8.20,1390.14,0.00,1.51,0.00,1.00,1.00,526.70,3.14,12.95,59.35,56.53,-21.25,23.13,-0.29,-0.02,17.00,5633.84,-75.00,0.00,0.00
271115.00,2019-07-02 21:30:55.115,8.13,1390.37,0.00,1.51,0.00,1.00,1.00,526.79,3.14,12.70,59.35,56.53,-21.25,23.13,-0.26,-0.02,17.00,5633.84,-75.00,0.00,0.00
271215.00,2019-07-02 21:30:55.215,8.12,1390.61,0.00,1.51,0.00,1.00,1.00,526.88,3.14,12.90,59.35,56.46,-21.21,23.13,-0.29,-0.03,17.00,5633.84,-75.00,0.00,0.00
271315.00,2019-07-02 21:30:55.315,8.17,1390.84,0.00,1.51,0.00,1.00,1.00,526.97,3.14,12.96,59.35,56.46,-21.21,23.30,-0.28,-0.01,17.00,5633.84,-75.00,0.00,0.00
271415.00,2019-07-02 21:30:55.415,8.16,1390.96,0.00,1.51,0.00,1.00,1.00,527.01,3.14,12.67,59.35,56.46,-21.21,23.30,-0.27,-0.03,17.00,5633.84,-75.00,0.00,0.00
271515.00,2019-07-02 21:30:55.515,8.11,1391.19,0.00,1.51,0.00,1.00,1.00,527.10,3.14,12.96,59.33,56.46,-21.24,23.30,-0.28,-0.07,17.00,5633.84,-75.00,0.00,0.00
271615.00,2019-07-02 21:30:55.615,8.11,1391.43,0.00,1.51,0.00,1.00,1.00,527.19,3.14,12.81,59.33,56.46,-21.24,23.30,-0.27,-0.09,17.00,5633.84,-75.00,0.00,0.00
271715.00,2019-07-02 21:30:55.715,8.08,1391.66,0.00,1.51,0.00,1.00,1.00,527.28,3.14,12.78,59.35,56.44,-21.23,23.23,-0.30,-0.09,17.00,5633.84,-75.00,0.00,0.00
271815.00,2019-07-02 21:30:55.815,8.09,1391.89,0.00,1.51,0.00,1.00,1.00,527.37,3.14,12.92,59.35,56.44,-21.23,23.23,-0.29,-0.02,17.00,5633.84,-75.00,0.00,0.00
271915.00,2019-07-02 21:30:55.915,8.09,1392.13,0.00,1.51,0.00,1.00,1.00,527.46,3.14,12.77,59.35,56.35,-21.23,23.23,-0.28,-0.04,17.00,5633.84,-75.00,0.00,0.00
272015.00,2019-07-02 21:30:56.015,8.07,1392.36,0.00,1.51,0.00,1.00,1.00,527.55,3.14,12.85,59.37,56.35,-21.24,23.23,-0.28,-0.03,17.00,5633.84,-75.00,0.00,0.00
272115.00,2019-07-02 21:30:56.115,8.05,1392.60,0.00,1.51,0.00,1.00,1.00,527.64,3.14,12.88,59.37,56.35,-21.24,23.21,-0.27,-0.03,17.00,5633.84,-75.00,0.00,0.00
272215.00,2019-07-02 21:30:56.215,8.02,1392.83,0.00,1.51,0.00,1.00,1.00,527.72,3.14,12.80,59.37,56.44,-21.11,23.21,-0.28,-0.04,17.00,5633.84,-75.00,0.00,0.00
272315.00,2019-07-02 21:30:56.315,8.05,1393.06,0.00,1.51,0.00,1.00,1.00,527.81,3.14,12.85,59.33,56.44,-21.11,23.21,-0.29,-0.03,17.00,5633.84,-75.00,0.00,0.00
272415.00,2019-07-02 21:30:56.415,8.04,1393.30,0.00,1.51,0.00,1.00,1.00,527.90,3.14,12.88,59.33,56.44,-21.11,23.21,-0.29,-0.03,17.00,5633.84,-75.00,0.00,0.00
272515.00,2019-07-02 21:30:56.515,8.01,1393.42,0.00,1.51,0.00,1.00,1.00,527.95,3.14,12.72,59.37,56.44,-21.03,23.21,-0.28,-0.02,17.00,5633.84,-75.00,0.00,0.00
272615.00,2019-07-02 21:30:56.615,8.00,1393.65,0.00,1.51,0.00,1.00,1.00,528.03,3.14,12.88,59.37,56.44,-21.03,23.21,-0.27,-0.02,17.00,5633.84,-75.00,0.00,0.00
272715.00,2019-07-02 21:30:56.715,8.01,1393.88,0.00,1.51,0.00,1.00,1.00,528.12,3.14,12.95,59.37,56.35,-21.03,23.21,-0.30,-0.02,17.00,5633.84,-75.00,0.00,0.00
272815.00,2019-07-02 21:30:56.815,7.99,1394.12,0.00,1.51,0.00,1.00,1.00,528.21,3.14,12.75,59.30,56.35,-21.03,23.21,-0.27,-0.03,17.00,5633.84,-75.00,0.00,0.00
272915.00,2019-07-02 21:30:56.915,7.99,1394.35,0.00,1.51,0.00,1.00,1.00,528.30,3.14,12.91,59.30,56.40,-21.03,23.23,-0.30,-0.02,17.00,5633.84,-75.00,0.00,0.00
273015.00,2019-07-02 21:30:57.015,7.97,1394.59,0.00,1.51,0.00,1.00,1.00,528.39,3.14,12.81,59.33,56.40,-20.96,23.23,-0.27,-0.03,17.00,5633.84,-75.00,0.00,0.00
273115.00,2019-07-02 21:30:57.115,7.93,1394.82,0.00,1.51,0.00,1.00,1.00,528.48,3.14,12.80,59.33,56.40,-20.96,23.23,-0.28,-0.03,17.00,5633.84,-75.00,0.00,0.00
273215.00,2019-07-02 21:30:57.215,7.94,1395.05,0.00,1.51,0.00,1.00,1.00,528.57,3.14,12.85,59.33,56.46,-20.96,23.23,-0.29,-0.03,17.00,5633.84,-75.00,0.00,0.00
273315.00,2019-07-02 21:30:57.315,7.95,1395.29,0.00,1.51,0.00,1.00,1.00,528.66,3.14,12.69,59.37,56.46,-21.02,23.07,-0.27,-0.02,17.00,5633.84,-75.00,0.00,0.00
273415.00,2019-07-02 21:30:57.415,7.95,1395.41,0.00,1.51,0.00,1.00,1.00,528.70,3.14,12.93,59.37,56.51,-21.02,23.07,-0.29,-0.02,17.00,5633.84,-75.00,0.00,0.00
273515.00,2019-07-02 21:30:57.515,7.91,1395.64,0.00,1.51,0.00,1.00,1.00,528.79,3.14,12.83,59.37,56.51,-20.99,23.07,-0.28,-0.05,17.00,5633.84,-75.00,0.00,0.00
273615.00,2019-07-02 21:30:57.615,7.90,1395.87,0.00,1.51,0.00,1.00,1.00,528.88,3.14,12.93,59.38,56.51,-20.99,23.07,-0.28,-0.06,17.00,5633.84,-75.00,0.00,0.00
273715.00,2019-07-02 21:30:57.715,7.91,1396.11,0.00,1.51,0.00,1.00,1.00,528.97,3.14,12.94,59.38,56.44,-20.99,23.07,-0.28,-0.05,17.00,5633.84,-75.00,0.00,0.00
273815.00,2019-07-02 21:30:57.815,7.86,1396.34,0.00,1.51,0.00,1.00,1.00,529.05,3.14,12.77,59.34,56.44,-20.96,23.07,-0.28,-0.07,17.00,5633.84,-75.00,0.00,0.00
273915.00,2019-07-02 21:30:57.915,7.86,1396.58,0.00,1.51,0.00,1.00,1.00,529.14,3.14,12.93,59.34,56.43,-20.96,23.07,-0.27,-0.08,17.00,5633.84,-75.00,0.00,0.00
274015.00,2019-07-02 21:30:58.015,7.86,1396.81,0.00,1.51,0.00,1.00,1.00,529.23,3.14,12.92,59.34,56.43,-20.96,23.07,-0.26,-0.09,17.00,5633.84,-75.00,0.00,0.00
274115.00,2019-07-02 21:30:58.115,7.84,1397.04,0.00,1.51,0.00,1.00,1.00,529.32,3.14,12.85,59.39,56.43,-20.86,22.95,-0.29,-0.09,17.00,5633.84,-75.00,0.00,0.00
274215.00,2019-07-02 21:30:58.215,7.83,1397.16,0.00,1.51,0.00,1.00,1.00,529.36,3.14,12.74,59.39,56.45,-20.86,22.95,-0.27,-0.11,17.00,5633.84,-75.00,0.00,0.00
274315.00,2019-07-02 21:30:58.315,7.85,1397.40,0.00,1.51,0.00,1.00,1.00,529.45,3.14,12.95,59.37,56.45,-20.84,22.95,-0.28,-0.11,17.00,5633.84,-75.00,0.00,0.00
274415.00,2019-07-02 21:30:58.415,7.85,1397.63,0.00,1.51,0.00,1.00,1.00,529.54,3.14,12.85,59.37,56.40,-20.84,22.95,-0.28,-0.12,17.00,5633.84,-75.00,0.00,0.00
274515.00,2019-07-02 21:30:58.515,7.83,1397.86,0.00,1.51,0.00,1.00,1.00,529.63,3.14,12.74,59.37,56.40,-20.84,22.86,-0.28,-0.12,17.00,5633.84,-75.00,0.00,0.00
274615.00,2019-07-02 21:30:58.615,7.79,1398.10,0.00,1.51,0.00,1.00,1.00,529.72,3.14,12.85,59.44,56.40,-20.86,22.86,-0.31,-0.12,17.00,5633.84,-75.00,0.00,0.00
274715.00,2019-07-02 21:30:58.715,7.79,1398.33,0.00,1.51,0.00,1.00,1.00,529.81,3.14,12.85,59.44,56.30,-20.86,22.86,-0.28,-0.12,17.00,5633.84,-75.00,0.00,0.00
274815.00,2019-07-02 21:30:58.815,7.77,1398.45,0.00,1.51,0.00,1.00,1.00,529.85,3.14,12.92,59.44,56.30,-20.86,22.86,-0.29,-0.12,17.00,5633.84,-75.00,0.00,0.00
274915.00,2019-07-02 21:30:58.915,7.78,1398.68,0.00,1.51,0.00,1.00,1.00,529.94,3.14,12.93,59.39,56.40,-20.71,22.80,-0.28,-0.10,17.00,5633.84,-75.00,0.00,0.00
275015.00,2019-07-02 21:30:59.015,7.78,1398.92,0.00,1.51,0.00,1.00,1.00,530.03,3.14,12.77,59.39,56.40,-20.71,22.80,-0.28,-0.03,17.00,5633.84,-75.00,0.00,0.00
275115.00,2019-07-02 21:30:59.115,7.76,1399.15,0.00,1.51,0.00,1.00,1.00,530.12,3.14,12.91,59.37,56.40,-20.74,22.80,-0.30,-0.04,17.00,5633.84,-75.00,0.00,0.00
275215.00,2019-07-02 21:30:59.215,7.74,1399.38,0.00,1.51,0.00,1.00,1.00,530.21,3.14,12.87,59.37,56.40,-20.74,22.80,-0.26,-0.03,17.00,5633.84,-75.00,0.00,0.00
275315.00,2019-07-02 21:30:59.315,7.74,1399.62,0.00,1.51,0.00,1.00,1.00,530.30,3.14,12.78,59.37,56.40,-20.74,22.84,-0.31,-0.03,17.00,5633.84,-75.00,0.00,0.00
275415.00,2019-07-02 21:30:59.415,7.75,1399.74,0.00,1.51,0.00,1.00,1.00,530.34,3.14,12.95,59.45,56.38,-20.63,22.84,-0.28,-0.03,17.00,5633.84,-75.00,0.00,0.00
275515.00,2019-07-02 21:30:59.515,7.72,1399.97,0.00,1.51,0.00,1.00,1.00,530.43,3.14,12.84,59.45,56.38,-20.63,22.84,-0.27,-0.04,17.00,5633.84,-75.00,0.00,0.00
275615.00,2019-07-02 21:30:59.615,7.73,1400.20,0.00,1.51,0.00,1.00,1.00,530.52,3.14,12.80,59.45,56.38,-20.63,22.84,-0.28,-0.04,17.00,5633.84,-75.00,0.00,0.00
275715.00,2019-07-02 21:30:59.715,7.70,1400.44,0.00,1.51,0.00,1.00,1.00,530.61,3.14,12.83,59.38,56.33,-20.57,22.73,-0.26,-0.02,17.00,5633.84,-75.00,0.00,0.00
275815.00,2019-07-02 21:30:59.815,7.68,1400.67,0.00,1.51,0.00,1.00,1.00,530.69,3.14,12.94,59.38,56.33,-20.57,22.73,-0.28,-0.02,17.00,5633.84,-75.00,0.00,0.00
275915.00,2019-07-02 21:30:59.915,7.67,1400.91,0.00,1.51,0.00,1.00,1.00,530.78,3.14,12.78,59.34,56.35,-20.56,22.73,-0.28,-0.02,17.00,5633.84,-75.00,0.00,0.00
276015.00,2019-07-02 21:31:00.015,7.67,1401.02,0.00,1.51,0.00,1.00,1.00,530.83,3.14,12.93,59.34,56.35,-20.56,22.73,-0.28,-0.02,17.00,5633.84,-75.00,0.00,0.00
276115.00,2019-07-02 21:31:00.115,7.70,1401.26,0.00,1.51,0.00,1.00,1.00,530.92,3.14,12.71,59.34,56.35,-20.56,22.81,-0.29,-0.01,17.00,5633.84,-75.00,0.00,0.00
276215.00,2019-07-02 21:31:00.215,7.65,1401.49,0.00,1.51,0.00,1.00,1.00,531.01,3.14,12.89,59.45,56.37,-20.48,22.81,-0.28,-0.02,17.00,5633.84,-75.00,0.00,0.00
276315.00,2019-07-02 21:31:00.315,7.62,1401.73,0.00,1.51,0.00,1.00,1.00,531.09,3.14,12.75,59.45,56.37,-20.48,22.81,-0.28,-0.10,17.00,5633.84,-75.00,0.00,0.00
276415.00,2019-07-02 21:31:00.415,7.62,1401.96,0.00,1.51,0.00,1.00,1.00,531.18,3.14,12.74,59.39,56.37,-20.59,22.81,-0.27,-0.10,17.00,5633.84,-75.00,0.00,0.00
276515.00,2019-07-02 21:31:00.515,7.63,1402.08,0.00,1.51,0.00,1.00,1.00,531.23,3.14,12.95,59.39,56.37,-20.59,22.88,-0.31,-0.11,17.00,5633.84,-75.00,0.00,0.00
276615.00,2019-07-02 21:31:00.615,7.62,1402.31,0.00,1.51,0.00,1.00,1.00,531.32,3.14,12.83,59.39,56.37,-20.59,22.88,-0.29,-0.12,17.00,5633.84,-75.00,0.00,0.00
276715.00,2019-07-02 21:31:00.715,7.61,1402.54,0.00,1.51,0.00,1.00,1.00,531.40,3.14,12.76,59.41,56.34,-20.52,22.88,-0.28,-0.12,17.00,5633.84,-75.00,0.00,0.00
276815.00,2019-07-02 21:31:00.815,7.60,1402.78,0.00,1.51,0.00,1.00,1.00,531.49,3.14,12.91,59.41,56.34,-20.52,22.88,-0.29,-0.03,17.00,5633.84,-75.00,0.00,0.00
276915.00,2019-07-02 21:31:00.915,7.59,1403.01,0.00,1.51,0.00,1.00,1.00,531.58,3.14,12.72,59.41,56.33,-20.52,22.86,-0.27,-0.03,17.00,5633.84,-75.00,0.00,0.00
277015.00,2019-07-02 21:31:01.015,7.57,1403.13,0.00,1.51,0.00,1.00,1.00,531.63,3.14,12.89,59.35,56.33,-20.39,22.86,-0.30,-0.11,17.00,5633.84,-75.00,0.00,0.00
277115.00,2019-07-02 21:31:01.115,7.57,1403.36,0.00,1.51,0.00,1.00,1.00,531.71,3.14,12.74,59.35,56.33,-20.39,22.86,-0.28,-0.10,17.00,5633.84,-75.00,0.00,0.00
277215.00,2019-07-02 21:31:01.215,7.55,1403.60,0.00,1.51,0.00,1.00,1.00,531.80,3.14,12.92,59.40,56.30,-20.39,22.86,-0.28,-0.08,17.00,5633.84,-75.00,0.00,0.00
277315.00,2019-07-02 21:31:01.315,7.53,1403.83,0.00,1.51,0.00,1.00,1.00,531.89,3.14,12.94,59.40,56.30,-20.39,22.90,-0.28,-0.06,17.00,5633.84,-75.00,0.00,0.00
277415.00,2019-07-02 21:31:01.415,7.53,1404.07,0.00,1.51,0.00,1.00,1.00,531.98,3.14,12.70,59.40,56.32,-20.39,22.90,-0.27,-0.04,17.00,5633.84,-75.00,0.00,0.00
277515.00,2019-07-02 21:31:01.515,7.54,1404.18,0.00,1.51,0.00,1.00,1.00,532.03,3.14,12.94,59.41,56.32,-20.38,22.90,-0.29,-0.04,17.00,5633.84,-75.00,0.00,0.00
277615.00,2019-07-02 21:31:01.615,7.51,1404.42,0.00,1.51,0.00,1.00,1.00,532.11,3.14,12.94,59.41,56.32,-20.38,22.90,-0.26,-0.03,17.00,5633.84,-75.00,0.00,0.00
277715.00,2019-07-02 21:31:01.715,7.48,1404.65,0.00,1.51,0.00,1.00,1.00,532.20,3.14,12.71,59.37,56.30,-20.38,23.03,-0.30,-0.03,17.00,5633.84,-75.00,0.00,0.00
277815.00,2019-07-02 21:31:01.815,7.52,1404.89,0.00,1.51,0.00,1.00,1.00,532.29,3.14,12.94,59.37,56.30,-20.38,23.03,-0.28,-0.02,17.00,5633.84,-75.00,0.00,0.00
277915.00,2019-07-02 21:31:01.915,7.49,1405.00,0.00,1.51,0.00,1.00,1.00,532.34,3.14,12.93,59.37,56.37,-20.38,23.03,-0.28,-0.03,17.00,5633.84,-75.00,0.00,0.00
278015.00,2019-07-02 21:31:02.015,7.45,1405.24,0.00,1.51,0.00,1.00,1.00,532.42,3.14,12.72,59.41,56.37,-20.23,23.03,-0.28,-0.02,17.00,5633.84,-75.00,0.00,0.00
278115.00,2019-07-02 21:31:02.115,7.48,1405.47,0.00,1.51,0.00,1.00,1.00,532.51,3.14,12.85,59.41,56.37,-20.23,23.16,-0.27,-0.08,17.00,5633.84,-75.00,0.00,0.00
278215.00,2019-07-02 21:31:02.215,7.47,1405.70,0.00,1.51,0.00,1.00,1.00,532.60,3.14,12.85,59.41,56.35,-20.23,23.16,-0.30,-0.09,17.00,5633.84,-75.00,0.00,0.00
278315.00,2019-07-02 21:31:02.315,7.44,1405.82,0.00,1.51,0.00,1.00,1.00,532.65,3.14,12.74,59.35,56.35,-20.31,23.16,-0.29,-0.10,17.00,5633.84,-75.00,0.00,0.00
278415.00,2019-07-02 21:31:02.415,7.43,1406.06,0.00,1.51,0.00,1.00,1.00,532.73,3.14,12.95,59.35,56.37,-20.31,23.16,-0.28,-0.11,17.00,5633.84,-75.00,0.00,0.00
278515.00,2019-07-02 21:31:02.515,7.41,1406.29,0.00,1.51,0.00,1.00,1.00,532.82,3.14,12.76,59.41,56.37,-20.18,23.65,-0.29,-0.12,17.00,5633.84,-75.00,0.00,0.00
278615.00,2019-07-02 21:31:02.615,7.43,1406.52,0.00,1.51,0.00,1.00,1.00,532.91,3.14,12.75,59.41,56.37,-20.18,23.65,-0.27,-0.12,17.00,5633.84,-75.00,0.00,0.00
278715.00,2019-07-02 21:31:02.715,7.42,1406.76,0.00,1.51,0.00,1.00,1.00,533.00,3.14,12.86,59.41,56.28,-20.18,23.65,-0.28,-0.12,17.00,5633.84,-75.00,0.00,0.00
278815.00,2019-07-02 21:31:02.815,7.39,1406.88,0.00,1.51,0.00,1.00,1.00,533.05,3.14,12.76,59.41,56.28,-20.15,23.65,-0.27,-0.12,17.00,5633.84,-75.00,0.00,0.00
278915.00,2019-07-02 21:31:02.915,7.39,1407.11,0.00,1.51,0.00,1.00,1.00,533.13,3.14,12.92,59.41,56.25,-20.15,24.00,-0.32,-0.10,17.00,5633.84,-75.00,0.00,0.00
279015.00,2019-07-02 21:31:03.015,7.37,1407.34,0.00,1.51,0.00,1.00,1.00,533.22,3.14,12.90,59.45,56.25,-20.15,24.00,-0.29,-0.03,17.00,5633.84,-75.00,0.00,0.00
279115.00,2019-07-02 21:31:03.115,7.36,1407.46,0.00,1.51,0.00,1.00,1.00,533.27,3.14,12.76,59.45,56.25,-20.15,24.00,-0.28,-0.03,17.00,5633.84,-75.00,0.00,0.00
279215.00,2019-07-02 21:31:03.215,7.36,1407.69,0.00,1.51,0.00,1.00,1.00,533.36,3.14,12.95,59.45,56.38,-20.15,24.00,-0.30,-0.04,17.00,5633.84,-75.00,0.00,0.00
279315.00,2019-07-02 21:31:03.315,7.37,1407.93,0.00,1.51,0.00,1.00,1.00,533.44,3.14,12.85,59.44,56.38,-20.13,23.73,-0.28,-0.04,17.00,5633.84,-75.00,0.00,0.00
279415.00,2019-07-02 21:31:03.415,7.33,1408.16,0.00,1.51,0.00,1.00,1.00,533.53,3.14,12.78,59.44,56.20,-20.13,23.73,-0.31,-0.05,17.00,5633.84,-75.00,0.00,0.00
279515.00,2019-07-02 21:31:03.515,7.35,1408.28,0.00,1.51,0.00,1.00,1.00,533.58,3.14,12.95,59.47,56.20,-20.13,23.73,-0.28,-0.05,17.00,5633.84,-75.00,0.00,0.00
279615.00,2019-07-02 21:31:03.615,7.31,1408.51,0.00,1.51,0.00,1.00,1.00,533.67,3.14,12.84,59.47,56.20,-20.09,23.73,-0.28,-0.05,17.00,5633.84,-75.00,0.00,0.00
279715.00,2019-07-02 21:31:03.715,7.30,1408.75,0.00,1.51,0.00,1.00,1.00,533.75,3.14,12.79,59.47,56.35,-20.09,23.66,-0.28,-0.05,17.00,5633.84,-75.00,0.00,0.00
279815.00,2019-07-02 21:31:03.815,7.30,1408.98,0.00,1.51,0.00,1.00,1.00,533.84,3.14,12.92,59.47,56.35,-20.07,23.66,-0.27,-0.06,17.00,5633.84,-75.00,0.00,0.00
279915.00,2019-07-02 21:31:03.915,7.29,1409.10,0.00,1.51,0.00,1.00,1.00,533.89,3.14,12.84,59.47,56.30,-20.07,23.66,-0.28,-0.08,17.00,5633.84,-75.00,0.00,0.00
280015.00,2019-07-02 21:31:04.015,7.27,1409.33,0.00,1.51,0.00,1.00,1.00,533.98,3.14,12.76,59.47,56.30,-20.07,23.66,-0.25,-0.09,17.00,5633.84,-75.00,0.00,0.00
280115.00,2019-07-02 21:31:04.115,7.26,1409.57,0.00,1.51,0.00,1.00,1.00,534.06,3.14,12.94,59.46,56.30,-20.03,23.48,-0.30,-0.10,17.00,5633.84,-75.00,0.00,0.00
280215.00,2019-07-02 21:31:04.215,7.26,1409.68,0.00,1.51,0.00,1.00,1.00,534.11,3.14,12.87,59.46,56.32,-20.03,23.48,-0.28,-0.10,17.00,5633.84,-75.00,0.00,0.00
280315.00,2019-07-02 21:31:04.315,7.27,1409.92,0.00,1.51,0.00,1.00,1.00,534.20,3.14,12.73,59.53,56.32,-19.97,23.48,-0.28,-0.11,17.00,5633.84,-75.00,0.00,0.00
280415.00,2019-07-02 21:31:04.415,7.28,1410.15,0.00,1.51,0.00,1.00,1.00,534.29,3.14,12.95,59.53,56.25,-19.97,23.48,-0.29,-0.11,17.00,5633.84,-75.00,0.00,0.00
280515.00,2019-07-02 21:31:04.515,7.23,1410.39,0.00,1.51,0.00,1.00,1.00,534.38,3.14,12.85,59.53,56.25,-19.97,23.43,-0.28,-0.12,17.00,5633.84,-75.00,0.00,0.00
280615.00,2019-07-02 21:31:04.615,7.20,1410.50,0.00,1.51,0.00,1.00,1.00,534.42,3.14,12.75,59.54,56.25,-19.98,23.43,-0.30,-0.12,17.00,5633.84,-75.00,0.00,0.00
280715.00,2019-07-02 21:31:04.715,7.21,1410.74,0.00,1.51,0.00,1.00,1.00,534.51,3.14,12.94,59.54,56.34,-19.98,23.43,-0.28,-0.11,17.00,5633.84,-75.00,0.00,0.00
280815.00,2019-07-02 21:31:04.815,7.21,1410.97,0.00,1.51,0.00,1.00,1.00,534.60,3.14,12.89,59.51,56.34,-19.98,23.43,-0.28,-0.10,17.00,5633.84,-75.00,0.00,0.00
280915.00,2019-07-02 21:31:04.915,7.21,1411.09,0.00,1.51,0.00,1.00,1.00,534.64,3.14,12.75,59.51,56.25,-19.91,23.38,-0.28,-0.07,17.00,5633.84,-75.00,0.00,0.00
281015.00,2019-07-02 21:31:05.015,7.19,1411.32,0.00,1.51,0.00,1.00,1.00,534.73,3.14,12.91,59.51,56.25,-19.91,23.38,-0.28,-0.06,17.00,5633.84,-75.00,0.00,0.00
281115.00,2019-07-02 21:31:05.115,7.17,1411.56,0.00,1.51,0.00,1.00,1.00,534.82,3.14,12.95,59.54,56.25,-19.83,23.38,-0.31,-0.05,17.00,5633.84,-75.00,0.00,0.00
281215.00,2019-07-02 21:31:05.215,7.17,1411.79,0.00,1.51,0.00,1.00,1.00,534.91,3.14,12.96,59.54,56.23,-19.83,23.38,-0.27,-0.04,17.00,5633.84,-75.00,0.00,0.00
281315.00,2019-07-02 21:31:05.315,7.16,1411.91,0.00,1.51,0.00,1.00,1.00,534.95,3.14,12.96,59.54,56.23,-19.83,23.30,-0.30,-0.04,17.00,5633.84,-75.00,0.00,0.00
281415.00,2019-07-02 21:31:05.415,7.14,1412.14,0.00,1.51,0.00,1.00,1.00,535.04,3.14,12.83,59.53,56.33,-19.86,23.30,-0.29,-0.05,17.00,5633.84,-75.00,0.00,0.00
281515.00,2019-07-02 21:31:05.515,7.14,1412.38,0.00,1.51,0.00,1.00,1.00,535.13,3.14,12.78,59.53,56.33,-19.86,23.30,-0.26,-0.06,17.00,5633.84,-75.00,0.00,0.00
281615.00,2019-07-02 21:31:05.615,7.14,1412.49,0.00,1.51,0.00,1.00,1.00,535.17,3.14,12.95,59.52,56.33,-19.82,23.30,-0.27,-0.06,17.00,5633.84,-75.00,0.00,0.00
281715.00,2019-07-02 21:31:05.715,7.12,1412.73,0.00,1.51,0.00,1.00,1.00,535.26,3.14,12.82,59.52,56.30,-19.82,23.20,-0.26,-0.08,17.00,5633.84,-75.00,0.00,0.00
281815.00,2019-07-02 21:31:05.815,7.11,1412.96,0.00,1.51,0.00,1.00,1.00,535.35,3.14,12.78,59.52,56.30,-19.82,23.20,-0.28,-0.10,17.00,5633.84,-75.00,0.00,0.00
281915.00,2019-07-02 21:31:05.915,7.10,1413.08,0.00,1.51,0.00,1.00,1.00,535.40,3.14,12.91,59.47,56.28,-19.77,23.20,-0.28,-0.03,17.00,5633.84,-75.00,0.00,0.00
282015.00,2019-07-02 21:31:06.015,7.11,1413.31,0.00,1.51,0.00,1.00,1.00,535.48,3.14,12.78,59.47,56.28,-19.77,23.20,-0.29,-0.03,17.00,5633.84,-75.00,0.00,0.00
282115.00,2019-07-02 21:31:06.115,7.11,1413.55,0.00,1.51,0.00,1.00,1.00,535.57,3.14,12.88,59.47,56.28,-19.77,23.13,-0.29,-0.03,17.00,5633.84,-75.00,0.00,0.00
282215.00,2019-07-02 21:31:06.215,7.09,1413.66,0.00,1.51,0.00,1.00,1.00,535.62,3.14,12.87,59.47,56.23,-19.63,23.13,-0.28,-0.03,17.00,5633.84,-75.00,0.00,0.00
282315.00,2019-07-02 21:31:06.315,7.04,1413.90,0.00,1.51,0.00,1.00,1.00,535.71,3.14,12.77,59.47,56.23,-19.63,23.13,-0.28,-0.03,17.00,5633.84,-75.00,0.00,0.00
282415.00,2019-07-02 21:31:06.415,7.03,1414.13,0.00,1.51,0.00,1.00,1.00,535.79,3.14,12.86,59.41,56.26,-19.75,23.13,-0.26,-0.03,17.00,5633.84,-75.00,0.00,0.00
282515.00,2019-07-02 21:31:06.515,7.06,1414.25,0.00,1.51,0.00,1.00,1.00,535.84,3.14,12.94,59.41,56.26,-19.75,23.09,-0.30,-0.02,17.00,5633.84,-75.00,0.00,0.00
282615.00,2019-07-02 21:31:06.615,7.02,1414.48,0.00,1.51,0.00,1.00,1.00,535.93,3.14,12.77,59.41,56.26,-19.75,23.09,-0.28,-0.02,17.00,5633.84,-75.00,0.00,0.00
282715.00,2019-07-02 21:31:06.715,7.02,1414.72,0.00,1.51,0.00,1.00,1.00,536.02,3.14,12.92,59.56,56.28,-19.65,23.09,-0.29,-0.03,17.00,5633.84,-75.00,0.00,0.00
282815.00,2019-07-02 21:31:06.815,7.02,1414.83,0.00,1.51,0.00,1.00,1.00,536.06,3.14,12.94,59.56,56.28,-19.65,23.09,-0.29,-0.03,17.00,5633.84,-75.00,0.00,0.00
282915.00,2019-07-02 21:31:06.915,6.99,1415.07,0.00,1.51,0.00,1.00,1.00,536.15,3.14,12.79,59.48,56.28,-19.63,23.01,-0.27,-0.03,17.00,5633.84,-75.00,0.00,0.00
283015.00,2019-07-02 21:31:07.015,6.99,1415.30,0.00,1.51,0.00,1.00,1.00,536.24,3.14,12.87,59.48,56.28,-19.63,23.01,-0.30,-0.03,17.00,5633.84,-75.00,0.00,0.00
283115.00,2019-07-02 21:31:07.115,7.00,1415.42,0.00,1.51,0.00,1.00,1.00,536.28,3.14,12.71,59.48,56.28,-19.63,23.01,-0.27,-0.02,17.00,5633.84,-75.00,0.00,0.00
283215.00,2019-07-02 21:31:07.215,6.99,1415.65,0.00,1.51,0.00,1.00,1.00,536.37,3.14,12.95,59.51,56.23,-19.55,23.01,-0.27,-0.06,17.00,5633.84,-75.00,0.00,0.00
283315.00,2019-07-02 21:31:07.315,6.95,1415.89,0.00,1.51,0.00,1.00,1.00,536.46,3.14,12.84,59.51,56.23,-19.55,22.99,-0.27,-0.07,17.00,5633.84,-75.00,0.00,0.00
283415.00,2019-07-02 21:31:07.415,6.94,1416.00,0.00,1.51,0.00,1.00,1.00,536.50,3.14,12.95,59.47,56.18,-19.55,22.99,-0.26,-0.08,17.00,5633.84,-75.00,0.00,0.00
283515.00,2019-07-02 21:31:07.515,6.93,1416.24,0.00,1.51,0.00,1.00,1.00,536.59,3.14,12.81,59.47,56.18,-19.63,22.99,-0.29,-0.11,17.00,5633.84,-75.00,0.00,0.00
283615.00,2019-07-02 21:31:07.615,6.94,1416.47,0.00,1.51,0.00,1.00,1.00,536.68,3.14,12.81,59.47,56.18,-19.63,22.99,-0.27,-0.11,17.00,5633.84,-75.00,0.00,0.00
283715.00,2019-07-02 21:31:07.715,6.94,1416.59,0.00,1.51,0.00,1.00,1.00,536.73,3.14,12.77,59.49,56.16,-19.50,22.92,-0.32,-0.11,17.00,5633.84,-75.00,0.00,0.00
283815.00,2019-07-02 21:31:07.815,6.92,1416.82,0.00,1.51,0.00,1.00,1.00,536.81,3.14,12.93,59.49,56.16,-19.50,22.92,-0.28,-0.12,17.00,5633.84,-75.00,0.00,0.00
283915.00,2019-07-02 21:31:07.915,6.91,1416.94,0.00,1.51,0.00,1.00,1.00,536.86,3.14,12.75,59.48,56.14,-19.50,22.92,-0.28,-0.12,17.00,5633.84,-75.00,0.00,0.00
284015.00,2019-07-02 21:31:08.015,6.90,1417.17,0.00,1.51,0.00,1.00,1.00,536.95,3.14,12.75,59.48,56.14,-19.54,22.92,-0.28,-0.11,17.00,5633.84,-75.00,0.00,0.00
284115.00,2019-07-02 21:31:08.115,6.87,1417.41,0.00,1.51,0.00,1.00,1.00,537.04,3.14,12.92,59.48,56.14,-19.54,22.88,-0.28,-0.11,17.00,5633.84,-75.00,0.00,0.00
284215.00,2019-07-02 21:31:08.215,6.87,1417.53,0.00,1.51,0.00,1.00,1.00,537.08,3.14,12.72,59.52,56.18,-19.43,22.88,-0.30,-0.11,17.00,5633.84,-75.00,0.00,0.00
284315.00,2019-07-02 21:31:08.315,6.89,1417.76,0.00,1.51,0.00,1.00,1.00,537.17,3.14,12.95,59.52,56.18,-19.43,22.88,-0.28,-0.08,17.00,5633.84,-75.00,0.00,0.00
284415.00,2019-07-02 21:31:08.415,6.87,1417.99,0.00,1.51,0.00,1.00,1.00,537.26,3.14,12.91,59.52,56.16,-19.43,22.88,-0.28,-0.07,17.00,5633.84,-75.00,0.00,0.00
284515.00,2019-07-02 21:31:08.515,6.86,1418.11,0.00,1.51,0.00,1.00,1.00,537.30,3.14,12.80,59.51,56.16,-19.35,22.82,-0.28,-0.03,17.00,5633.84,-75.00,0.00,0.00
284615.00,2019-07-02 21:31:08.615,6.84,1418.34,0.00,1.51,0.00,1.00,1.00,537.39,3.14,12.92,59.51,56.16,-19.35,22.82,-0.28,-0.05,17.00,5633.84,-75.00,0.00,0.00
284715.00,2019-07-02 21:31:08.715,6.80,1418.46,0.00,1.51,0.00,1.00,1.00,537.43,3.14,12.73,59.46,56.19,-19.35,22.82,-0.28,-0.04,17.00,5633.84,-75.00,0.00,0.00
284815.00,2019-07-02 21:31:08.815,6.80,1418.70,0.00,1.51,0.00,1.00,1.00,537.52,3.14,12.92,59.46,56.19,-19.24,22.82,-0.25,-0.04,17.00,5633.84,-75.00,0.00,0.00
284915.00,2019-07-02 21:31:08.915,6.84,1418.93,0.00,1.51,0.00,1.00,1.00,537.61,3.14,12.75,59.46,56.12,-19.24,22.84,-0.27,-0.05,17.00,5633.84,-75.00,0.00,0.00
285015.00,2019-07-02 21:31:09.015,6.83,1419.05,0.00,1.51,0.00,1.00,1.00,537.66,3.14,12.86,59.51,56.12,-19.30,22.84,-0.27,-0.03,17.00,5633.84,-75.00,0.00,0.00
285115.00,2019-07-02 21:31:09.115,6.78,1419.28,0.00,1.51,0.00,1.00,1.00,537.75,3.14,12.90,59.51,56.12,-19.30,22.84,-0.29,-0.04,17.00,5633.84,-75.00,0.00,0.00
285215.00,2019-07-02 21:31:09.215,6.77,1419.40,0.00,1.51,0.00,1.00,1.00,537.79,3.14,12.71,59.51,56.11,-19.30,22.84,-0.28,-0.02,17.00,5633.84,-75.00,0.00,0.00
285315.00,2019-07-02 21:31:09.315,6.77,1419.63,0.00,1.51,0.00,1.00,1.00,537.88,3.14,12.89,59.51,56.11,-19.30,22.91,-0.28,-0.02,17.00,5633.84,-75.00,0.00,0.00
285415.00,2019-07-02 21:31:09.415,6.76,1419.87,0.00,1.51,0.00,1.00,1.00,537.97,3.14,12.77,59.51,56.12,-19.30,22.91,-0.30,-0.10,17.00,5633.84,-75.00,0.00,0.00
285515.00,2019-07-02 21:31:09.515,6.77,1419.98,0.00,1.51,0.00,1.00,1.00,538.01,3.14,12.91,59.53,56.12,-19.29,22.91,-0.29,-0.03,17.00,5633.84,-75.00,0.00,0.00
285615.00,2019-07-02 21:31:09.615,6.76,1420.22,0.00,1.51,0.00,1.00,1.00,538.10,3.14,12.91,59.53,56.12,-19.29,22.91,-0.28,-0.03,17.00,5633.84,-75.00,0.00,0.00
285715.00,2019-07-02 21:31:09.715,6.73,1420.33,0.00,1.51,0.00,1.00,1.00,538.14,3.14,12.79,59.53,56.16,-19.29,22.85,-0.28,-0.03,17.00,5633.84,-75.00,0.00,0.00
285815.00,2019-07-02 21:31:09.815,6.74,1420.57,0.00,1.51,0.00,1.00,1.00,538.23,3.14,12.86,59.48,56.16,-19.24,22.85,-0.27,-0.02,17.00,5633.84,-75.00,0.00,0.00
285915.00,2019-07-02 21:31:09.915,6.69,1420.80,0.00,1.51,0.00,1.00,1.00,538.32,3.14,12.77,59.48,56.14,-19.24,22.85,-0.30,-0.03,17.00,5633.84,-75.00,0.00,0.00
286015.00,2019-07-02 21:31:10.015,6.69,1420.92,0.00,1.51,0.00,1.00,1.00,538.37,3.14,12.77,59.51,56.14,-19.24,22.85,-0.25,-0.03,17.00,5633.84,-75.00,0.00,0.00
286115.00,2019-07-02 21:31:10.115,6.70,1421.15,0.00,1.51,0.00,1.00,1.00,538.45,3.14,12.92,59.51,56.14,-19.16,22.88,-0.29,-0.03,17.00,5633.84,-75.00,0.00,0.00
286215.00,2019-07-02 21:31:10.215,6.69,1421.27,0.00,1.51,0.00,1.00,1.00,538.50,3.14,12.87,59.51,56.07,-19.16,22.88,-0.28,-0.03,17.00,5633.84,-75.00,0.00,0.00
286315.00,2019-07-02 21:31:10.315,6.67,1421.50,0.00,1.51,0.00,1.00,1.00,538.59,3.14,12.78,59.51,56.07,-19.09,22.88,-0.27,-0.03,17.00,5633.84,-75.00,0.00,0.00
286415.00,2019-07-02 21:31:10.415,6.65,1421.74,0.00,1.51,0.00,1.00,1.00,538.68,3.14,12.85,59.51,56.09,-19.09,22.88,-0.28,-0.04,17.00,5633.84,-75.00,0.00,0.00
286515.00,2019-07-02 21:31:10.515,6.66,1421.86,0.00,1.51,0.00,1.00,1.00,538.72,3.14,12.84,59.44,56.09,-19.09,22.73,-0.26,-0.04,17.00,5633.84,-75.00,0.00,0.00
286615.00,2019-07-02 21:31:10.615,6.65,1422.09,0.00,1.51,0.00,1.00,1.00,538.81,3.14,12.79,59.44,56.09,-19.13,22.73,-0.28,-0.05,17.00,5633.84,-75.00,0.00,0.00
286715.00,2019-07-02 21:31:10.715,6.64,1422.21,0.00,1.51,0.00,1.00,1.00,538.85,3.14,12.93,59.44,56.16,-19.13,22.73,-0.29,-0.05,17.00,5633.84,-75.00,0.00,0.00
286815.00,2019-07-02 21:31:10.815,6.66,1422.44,0.00,1.51,0.00,1.00,1.00,538.94,3.14,12.84,59.48,56.16,-19.09,22.73,-0.29,-0.06,17.00,5633.84,-75.00,0.00,0.00
286915.00,2019-07-02 21:31:10.915,6.61,1422.56,0.00,1.51,0.00,1.00,1.00,538.99,3.14,12.77,59.48,56.09,-19.09,22.77,-0.28,-0.06,17.00,5633.84,-75.00,0.00,0.00
287015.00,2019-07-02 21:31:11.015,6.60,1422.79,0.00,1.51,0.00,1.00,1.00,539.08,3.14,12.85,59.48,56.09,-19.09,22.77,-0.28,-0.07,17.00,5633.84,-75.00,0.00,0.00
287115.00,2019-07-02 21:31:11.115,6.59,1423.03,0.00,1.51,0.00,1.00,1.00,539.16,3.14,12.75,59.54,56.09,-19.15,22.77,-0.31,-0.08,17.00,5633.84,-75.00,0.00,0.00
287215.00,2019-07-02 21:31:11.215,6.59,1423.14,0.00,1.51,0.00,1.00,1.00,539.21,3.14,12.95,59.54,56.12,-19.15,22.77,-0.24,-0.10,17.00,5633.84,-75.00,0.00,0.00
287315.00,2019-07-02 21:31:11.315,6.57,1423.38,0.00,1.51,0.00,1.00,1.00,539.30,3.14,12.95,59.47,56.12,-19.15,22.73,-0.30,-0.11,17.00,5633.84,-75.00,0.00,0.00
287415.00,2019-07-02 21:31:11.415,6.60,1423.49,0.00,1.51,0.00,1.00,1.00,539.34,3.14,12.83,59.47,56.06,-18.98,22.73,-0.28,-0.11,17.00,5633.84,-75.00,0.00,0.00
287515.00,2019-07-02 21:31:11.515,6.56,1423.73,0.00,1.51,0.00,1.00,1.00,539.43,3.14,12.76,59.47,56.06,-18.98,22.73,-0.27,-0.12,17.00,5633.84,-75.00,0.00,0.00
287615.00,2019-07-02 21:31:11.615,6.54,1423.85,0.00,1.51,0.00,1.00,1.00,539.47,3.14,12.86,59.53,56.06,-19.03,22.73,-0.29,-0.12,17.00,5633.84,-75.00,0.00,0.00
287715.00,2019-07-02 21:31:11.715,6.55,1424.08,0.00,1.51,0.00,1.00,1.00,539.56,3.14,12.77,59.53,56.02,-19.03,22.64,-0.27,-0.12,17.00,5633.84,-75.00,0.00,0.00
287815.00,2019-07-02 21:31:11.815,6.56,1424.20,0.00,1.51,0.00,1.00,1.00,539.61,3.14,12.76,59.58,56.02,-19.03,22.64,-0.29,-0.11,17.00,5633.84,-75.00,0.00,0.00
287915.00,2019-07-02 21:31:11.915,6.50,1424.43,0.00,1.51,0.00,1.00,1.00,539.70,3.14,12.92,59.58,56.02,-18.90,22.64,-0.29,-0.08,17.00,5633.84,-75.00,0.00,0.00
288015.00,2019-07-02 21:31:12.015,6.52,1424.55,0.00,1.51,0.00,1.00,1.00,539.74,3.14,12.93,59.58,56.02,-18.90,22.64,-0.30,-0.07,17.00,5633.84,-75.00,0.00,0.00
288115.00,2019-07-02 21:31:12.115,6.50,1424.78,0.00,1.51,0.00,1.00,1.00,539.83,3.14,12.72,59.53,56.02,-18.88,22.68,-0.28,-0.05,17.00,5633.84,-75.00,0.00,0.00
288215.00,2019-07-02 21:31:12.215,6.49,1425.02,0.00,1.51,0.00,1.00,1.00,539.92,3.14,12.95,59.53,55.91,-18.88,22.68,-0.27,-0.04,17.00,5633.84,-75.00,0.00,0.00
288315.00,2019-07-02 21:31:12.315,6.47,1425.13,0.00,1.51,0.00,1.00,1.00,539.96,3.14,12.96,59.53,55.91,-18.88,22.68,-0.29,-0.03,17.00,5633.84,-75.00,0.00,0.00
288415.00,2019-07-02 21:31:12.415,6.48,1425.37,0.00,1.51,0.00,1.00,1.00,540.05,3.14,12.69,59.58,55.98,-18.82,22.68,-0.26,-0.02,17.00,5633.84,-75.00,0.00,0.00
288515.00,2019-07-02 21:31:12.515,6.47,1425.48,0.00,1.51,0.00,1.00,1.00,540.10,3.14,12.93,59.58,55.98,-18.82,22.73,-0.31,-0.03,17.00,5633.84,-75.00,0.00,0.00
288615.00,2019-07-02 21:31:12.615,6.47,1425.72,0.00,1.51,0.00,1.00,1.00,540.18,3.14,12.93,59.58,55.98,-18.82,22.73,-0.28,-0.02,17.00,5633.84,-75.00,0.00,0.00
288715.00,2019-07-02 21:31:12.715,6.47,1425.83,0.00,1.51,0.00,1.00,1.00,540.23,3.14,12.70,59.58,56.02,-18.87,22.73,-0.28,-0.02,17.00,5633.84,-75.00,0.00,0.00
288815.00,2019-07-02 21:31:12.815,6.42,1426.07,0.00,1.51,0.00,1.00,1.00,540.32,3.14,12.92,59.58,56.02,-18.87,22.73,-0.29,-0.02,17.00,5633.84,-75.00,0.00,0.00
288915.00,2019-07-02 21:31:12.915,6.41,1426.19,0.00,1.51,0.00,1.00,1.00,540.36,3.14,12.71,59.51,55.98,-18.78,22.84,-0.29,-0.03,17.00,5633.84,-75.00,0.00,0.00
289015.00,2019-07-02 21:31:13.015,6.43,1426.42,0.00,1.51,0.00,1.00,1.00,540.45,3.14,12.88,59.51,55.98,-18.78,22.84,-0.29,-0.03,17.00,5633.84,-75.00,0.00,0.00
289115.00,2019-07-02 21:31:13.115,6.42,1426.54,0.00,1.51,0.00,1.00,1.00,540.49,3.14,12.89,59.52,55.98,-18.78,22.84,-0.29,-0.02,17.00,5633.84,-75.00,0.00,0.00
289215.00,2019-07-02 21:31:13.215,6.40,1426.77,0.00,1.51,0.00,1.00,1.00,540.58,3.14,12.94,59.52,55.98,-18.66,22.84,-0.28,-0.02,17.00,5633.84,-75.00,0.00,0.00
289315.00,2019-07-02 21:31:13.315,6.42,1426.89,0.00,1.51,0.00,1.00,1.00,540.63,3.14,12.72,59.52,55.98,-18.66,22.94,-0.29,-0.02,17.00,5633.84,-75.00,0.00,0.00
289415.00,2019-07-02 21:31:13.415,6.39,1427.12,0.00,1.51,0.00,1.00,1.00,540.72,3.14,12.88,59.51,56.04,-18.68,22.94,-0.27,-0.02,17.00,5633.84,-75.00,0.00,0.00
289515.00,2019-07-02 21:31:13.515,6.36,1427.24,0.00,1.51,0.00,1.00,1.00,540.76,3.14,12.95,59.51,56.04,-18.68,22.94,-0.29,-0.03,17.00,5633.84,-75.00,0.00,0.00
289615.00,2019-07-02 21:31:13.615,6.37,1427.47,0.00,1.51,0.00,1.00,1.00,540.85,3.14,12.75,59.51,56.04,-18.68,22.94,-0.27,-0.02,17.00,5633.84,-75.00,0.00,0.00
289715.00,2019-07-02 21:31:13.715,6.37,1427.59,0.00,1.51,0.00,1.00,1.00,540.89,3.14,12.89,59.48,55.99,-18.76,22.94,-0.31,-0.02,17.00,5633.84,-75.00,0.00,0.00
289815.00,2019-07-02 21:31:13.815,6.35,1427.82,0.00,1.51,0.00,1.00,1.00,540.98,3.14,12.80,59.48,55.99,-18.76,22.94,-0.28,-0.03,17.00,5633.84,-75.00,0.00,0.00
289915.00,2019-07-02 21:31:13.915,6.34,1427.94,0.00,1.51,0.00,1.00,1.00,541.03,3.14,12.79,59.53,55.99,-18.76,22.94,-0.28,-0.03,17.00,5633.84,-75.00,0.00,0.00
290015.00,2019-07-02 21:31:14.015,6.34,1428.18,0.00,1.51,0.00,1.00,1.00,541.12,3.14,12.92,59.53,55.99,-18.55,22.94,-0.29,-0.03,17.00,5633.84,-75.00,0.00,0.00
290115.00,2019-07-02 21:31:14.115,6.31,1428.29,0.00,1.51,0.00,1.00,1.00,541.16,3.14,12.82,59.53,55.99,-18.55,22.97,-0.27,-0.02,17.00,5633.84,-75.00,0.00,0.00
290215.00,2019-07-02 21:31:14.215,6.29,1428.53,0.00,1.51,0.00,1.00,1.00,541.25,3.14,12.82,59.51,55.95,-18.65,22.97,-0.28,-0.03,17.00,5633.84,-75.00,0.00,0.00
290315.00,2019-07-02 21:31:14.315,6.30,1428.64,0.00,1.51,0.00,1.00,1.00,541.29,3.14,12.82,59.51,55.95,-18.65,22.97,-0.28,-0.02,17.00,5633.84,-75.00,0.00,0.00
290415.00,2019-07-02 21:31:14.415,6.30,1428.88,0.00,1.51,0.00,1.00,1.00,541.38,3.14,12.92,59.52,55.94,-18.65,22.97,-0.28,-0.02,17.00,5633.84,-75.00,0.00,0.00
290515.00,2019-07-02 21:31:14.515,6.27,1428.99,0.00,1.51,0.00,1.00,1.00,541.43,3.14,12.84,59.52,55.94,-18.50,23.09,-0.29,-0.03,17.00,5633.84,-75.00,0.00,0.00
290615.00,2019-07-02 21:31:14.615,6.28,1429.23,0.00,1.51,0.00,1.00,1.00,541.51,3.14,12.83,59.52,55.94,-18.50,23.09,-0.28,-0.02,17.00,5633.84,-75.00,0.00,0.00
290715.00,2019-07-02 21:31:14.715,6.31,1429.35,0.00,1.51,0.00,1.00,1.00,541.56,3.14,12.93,59.54,55.94,-18.50,23.09,-0.29,-0.02,17.00,5633.84,-75.00,0.00,0.00
290815.00,2019-07-02 21:31:14.815,6.22,1429.58,0.00,1.51,0.00,1.00,1.00,541.65,3.14,12.77,59.54,55.94,-18.50,23.09,-0.26,-0.03,17.00,5633.84,-75.00,0.00,0.00
290915.00,2019-07-02 21:31:14.915,6.22,1429.70,0.00,1.51,0.00,1.00,1.00,541.69,3.14,12.88,59.54,55.91,-18.50,23.05,-0.30,-0.03,17.00,5633.84,-75.00,0.00,0.00
291015.00,2019-07-02 21:31:15.015,6.25,1429.93,0.00,1.51,0.00,1.00,1.00,541.78,3.14,12.80,59.63,55.91,-18.45,23.05,-0.28,-0.03,17.00,5633.84,-75.00,0.00,0.00
291115.00,2019-07-02 21:31:15.115,6.23,1430.05,0.00,1.51,0.00,1.00,1.00,541.82,3.14,12.87,59.63,55.91,-18.45,23.05,-0.30,-0.03,17.00,5633.84,-75.00,0.00,0.00
291215.00,2019-07-02 21:31:15.215,6.21,1430.28,0.00,1.51,0.00,1.00,1.00,541.91,3.14,12.90,59.52,55.94,-18.45,23.05,-0.29,-0.03,17.00,5633.84,-75.00,0.00,0.00
291315.00,2019-07-02 21:31:15.315,6.23,1430.40,0.00,1.51,0.00,1.00,1.00,541.96,3.14,12.81,59.52,55.94,-18.46,23.03,-0.29,-0.03,17.00,5633.84,-75.00,0.00,0.00
291415.00,2019-07-02 21:31:15.415,6.17,1430.63,0.00,1.51,0.00,1.00,1.00,542.05,3.14,12.80,59.52,55.91,-18.46,23.03,-0.29,-0.03,17.00,5633.84,-75.00,0.00,0.00
291515.00,2019-07-02 21:31:15.515,6.16,1430.75,0.00,1.51,0.00,1.00,1.00,542.09,3.14,12.91,59.56,55.91,-18.41,23.03,-0.29,-0.03,17.00,5633.84,-75.00,0.00,0.00
291615.00,2019-07-02 21:31:15.615,6.19,1430.87,0.00,1.51,0.00,1.00,1.00,542.14,3.14,12.88,59.56,55.91,-18.41,23.03,-0.28,-0.03,17.00,5633.84,-75.00,0.00,0.00
291715.00,2019-07-02 21:31:15.715,6.20,1431.10,0.00,1.51,0.00,1.00,1.00,542.22,3.14,12.94,59.58,55.96,-18.41,23.02,-0.29,-0.04,17.00,5633.84,-75.00,0.00,0.00
291815.00,2019-07-02 21:31:15.815,6.17,1431.22,0.00,1.51,0.00,1.00,1.00,542.27,3.14,12.86,59.58,55.96,-18.34,23.02,-0.28,-0.04,17.00,5633.84,-75.00,0.00,0.00
291915.00,2019-07-02 21:31:15.915,6.16,1431.45,0.00,1.51,0.00,1.00,1.00,542.36,3.14,12.87,59.58,55.91,-18.34,23.02,-0.28,-0.05,17.00,5633.84,-75.00,0.00,0.00
292015.00,2019-07-02 21:31:16.015,6.14,1431.57,0.00,1.51,0.00,1.00,1.00,542.40,3.14,12.75,59.58,55.91,-18.30,23.02,-0.27,-0.07,17.00,5633.84,-75.00,0.00,0.00
292115.00,2019-07-02 21:31:16.115,6.11,1431.80,0.00,1.51,0.00,1.00,1.00,542.49,3.14,12.82,59.58,55.91,-18.30,23.01,-0.30,-0.09,17.00,5633.84,-75.00,0.00,0.00
292215.00,2019-07-02 21:31:16.215,6.13,1431.92,0.00,1.51,0.00,1.00,1.00,542.53,3.14,12.82,59.58,56.02,-18.30,23.01,-0.29,-0.10,17.00,5633.84,-75.00,0.00,0.00
292315.00,2019-07-02 21:31:16.315,6.12,1432.15,0.00,1.51,0.00,1.00,1.00,542.62,3.14,12.76,59.53,56.02,-18.38,23.01,-0.28,-0.11,17.00,5633.84,-75.00,0.00,0.00
292415.00,2019-07-02 21:31:16.415,6.09,1432.27,0.00,1.51,0.00,1.00,1.00,542.67,3.14,12.95,59.53,55.99,-18.38,23.01,-0.29,-0.12,17.00,5633.84,-75.00,0.00,0.00
292515.00,2019-07-02 21:31:16.515,6.10,1432.51,0.00,1.51,0.00,1.00,1.00,542.76,3.14,12.85,59.58,55.99,-18.38,23.05,-0.27,-0.13,17.00,5633.84,-75.00,0.00,0.00
292615.00,2019-07-02 21:31:16.615,6.10,1432.62,0.00,1.51,0.00,1.00,1.00,542.80,3.14,12.91,59.58,55.99,-18.30,23.05,-0.28,-0.12,17.00,5633.84,-75.00,0.00,0.00
292715.00,2019-07-02 21:31:16.715,6.07,1432.74,0.00,1.51,0.00,1.00,1.00,542.84,3.14,12.92,59.58,55.94,-18.30,23.05,-0.28,-0.11,17.00,5633.84,-75.00,0.00,0.00
292815.00,2019-07-02 21:31:16.815,6.07,1432.97,0.00,1.51,0.00,1.00,1.00,542.93,3.14,12.92,59.60,55.94,-18.26,23.05,-0.28,-0.09,17.00,5633.84,-75.00,0.00,0.00
292915.00,2019-07-02 21:31:16.915,6.07,1433.09,0.00,1.51,0.00,1.00,1.00,542.98,3.14,12.73,59.60,55.86,-18.26,22.96,-0.29,-0.06,17.00,5633.84,-75.00,0.00,0.00
293015.00,2019-07-02 21:31:17.015,6.02,1433.32,0.00,1.51,0.00,1.00,1.00,543.07,3.14,12.92,59.52,55.86,-18.26,22.96,-0.28,-0.05,17.00,5633.84,-75.00,0.00,0.00
293115.00,2019-07-02 21:31:17.115,6.02,1433.44,0.00,1.51,0.00,1.00,1.00,543.11,3.14,12.96,59.52,55.86,-18.26,22.96,-0.29,-0.03,17.00,5633.84,-75.00,0.00,0.00
293215.00,2019-07-02 21:31:17.215,6.04,1433.68,0.00,1.51,0.00,1.00,1.00,543.20,3.14,12.69,59.52,55.95,-18.26,22.96,-0.26,-0.03,17.00,5633.84,-75.00,0.00,0.00
293315.00,2019-07-02 21:31:17.315,6.04,1433.79,0.00,1.51,0.00,1.00,1.00,543.24,3.14,12.94,59.62,55.95,-18.26,23.05,-0.30,-0.02,17.00,5633.84,-75.00,0.00,0.00
293415.00,2019-07-02 21:31:17.415,6.00,1433.91,0.00,1.51,0.00,1.00,1.00,543.29,3.14,12.93,59.62,55.93,-18.26,23.05,-0.29,-0.02,17.00,5633.84,-75.00,0.00,0.00
293515.00,2019-07-02 21:31:17.515,5.99,1434.14,0.00,1.51,0.00,1.00,1.00,543.38,3.14,12.71,59.62,55.93,-18.26,23.05,-0.27,-0.03,17.00,5633.84,-75.00,0.00,0.00
293615.00,2019-07-02 21:31:17.615,6.00,1434.26,0.00,1.51,0.00,1.00,1.00,543.42,3.14,12.92,59.58,55.93,-18.20,23.05,-0.29,-0.03,17.00,5633.84,-75.00,0.00,0.00
293715.00,2019-07-02 21:31:17.715,5.97,1434.50,0.00,1.51,0.00,1.00,1.00,543.51,3.14,12.71,59.58,55.89,-18.20,23.02,-0.26,-0.02,17.00,5633.84,-75.00,0.00,0.00
293815.00,2019-07-02 21:31:17.815,5.99,1434.61,0.00,1.51,0.00,1.00,1.00,543.55,3.14,12.88,59.55,55.89,-18.20,23.02,-0.29,-0.02,17.00,5633.84,-75.00,0.00,0.00
293915.00,2019-07-02 21:31:17.915,5.97,1434.73,0.00,1.51,0.00,1.00,1.00,543.60,3.14,12.88,59.55,55.86,-18.16,23.02,-0.29,-0.02,17.00,5633.84,-75.00,0.00,0.00
294015.00,2019-07-02 21:31:18.015,5.96,1434.96,0.00,1.51,0.00,1.00,1.00,543.69,3.14,12.95,59.55,55.86,-18.16,23.02,-0.28,-0.02,17.00,5633.84,-75.00,0.00,0.00
294115.00,2019-07-02 21:31:18.115,5.93,1435.08,0.00,1.51,0.00,1.00,1.00,543.73,3.14,12.73,59.58,55.86,-18.09,22.99,-0.29,-0.02,17.00,5633.84,-75.00,0.00,0.00
294215.00,2019-07-02 21:31:18.215,5.91,1435.31,0.00,1.51,0.00,1.00,1.00,543.82,3.14,12.89,59.58,55.84,-18.09,22.99,-0.28,-0.02,17.00,5633.84,-75.00,0.00,0.00
294315.00,2019-07-02 21:31:18.315,5.94,1435.43,0.00,1.51,0.00,1.00,1.00,543.86,3.14,12.95,59.58,55.84,-18.09,22.99,-0.30,-0.02,17.00,5633.84,-75.00,0.00,0.00
294415.00,2019-07-02 21:31:18.415,5.92,1435.55,0.00,1.51,0.00,1.00,1.00,543.91,3.14,12.89,59.58,55.89,-18.02,22.99,-0.26,-0.03,17.00,5633.84,-75.00,0.00,0.00
294515.00,2019-07-02 21:31:18.515,5.90,1435.78,0.00,1.51,0.00,1.00,1.00,544.00,3.14,12.91,59.58,55.89,-18.02,23.16,-0.30,-0.02,17.00,5633.84,-75.00,0.00,0.00
294615.00,2019-07-02 21:31:18.615,5.91,1435.90,0.00,1.51,0.00,1.00,1.00,544.04,3.14,12.89,59.63,55.89,-18.09,23.16,-0.28,-0.03,17.00,5633.84,-75.00,0.00,0.00
294715.00,2019-07-02 21:31:18.715,5.88,1436.13,0.00,1.51,0.00,1.00,1.00,544.13,3.14,12.75,59.63,55.99,-18.09,23.16,-0.28,-0.04,17.00,5633.84,-75.00,0.00,0.00
294815.00,2019-07-02 21:31:18.815,5.87,1436.25,0.00,1.51,0.00,1.00,1.00,544.17,3.14,12.96,59.63,55.99,-18.09,23.16,-0.30,-0.04,17.00,5633.84,-75.00,0.00,0.00
294915.00,2019-07-02 21:31:18.915,5.89,1436.37,0.00,1.51,0.00,1.00,1.00,544.22,3.14,12.84,59.54,55.87,-17.95,23.03,-0.27,-0.05,17.00,5633.84,-75.00,0.00,0.00
295015.00,2019-07-02 21:31:19.015,5.87,1436.60,0.00,1.51,0.00,1.00,1.00,544.31,3.14,12.78,59.54,55.87,-17.95,23.03,-0.28,-0.07,17.00,5633.84,-75.00,0.00,0.00
295115.00,2019-07-02 21:31:19.115,5.84,1436.72,0.00,1.51,0.00,1.00,1.00,544.35,3.14,12.95,59.56,55.87,-17.95,23.03,-0.28,-0.08,17.00,5633.84,-75.00,0.00,0.00
295215.00,2019-07-02 21:31:19.215,5.83,1436.95,0.00,1.51,0.00,1.00,1.00,544.44,3.14,12.82,59.56,55.89,-17.92,23.03,-0.28,-0.09,17.00,5633.84,-75.00,0.00,0.00
295315.00,2019-07-02 21:31:19.315,5.82,1437.07,0.00,1.51,0.00,1.00,1.00,544.49,3.14,12.78,59.56,55.89,-17.92,23.02,-0.30,-0.09,17.00,5633.84,-75.00,0.00,0.00
295415.00,2019-07-02 21:31:19.415,5.83,1437.19,0.00,1.51,0.00,1.00,1.00,544.53,3.14,12.92,59.63,55.89,-17.92,23.02,-0.28,-0.11,17.00,5633.84,-75.00,0.00,0.00
295515.00,2019-07-02 21:31:19.515,5.78,1437.42,0.00,1.51,0.00,1.00,1.00,544.62,3.14,12.86,59.63,55.89,-17.92,23.02,-0.30,-0.12,17.00,5633.84,-75.00,0.00,0.00
295615.00,2019-07-02 21:31:19.615,5.77,1437.54,0.00,1.51,0.00,1.00,1.00,544.66,3.14,12.75,59.63,55.89,-17.92,23.02,-0.25,-0.12,17.00,5633.84,-75.00,0.00,0.00
295715.00,2019-07-02 21:31:19.715,7.00,1437.66,0.00,1.51,0.00,1.00,1.00,544.71,3.14,12.93,59.65,55.93,-17.96,23.03,-0.32,-0.11,17.00,5633.84,-75.00,0.00,0.00
295815.00,2019-07-02 21:31:19.815,6.59,1437.89,0.00,1.51,0.00,1.00,1.00,544.80,3.14,12.92,59.65,55.93,-17.96,23.03,-0.27,-0.10,17.00,5633.84,-75.00,0.00,0.00
295915.00,2019-07-02 21:31:19.915,6.31,1438.01,0.00,1.51,0.00,1.00,1.00,544.84,3.14,12.72,59.56,55.84,-17.90,23.03,-0.28,-0.08,17.00,5633.84,-75.00,0.00,0.00
296015.00,2019-07-02 21:31:20.015,5.96,1438.12,0.00,1.51,0.00,1.00,1.00,544.88,3.14,12.94,59.56,55.84,-17.90,23.03,-0.28,-0.07,17.00,5633.84,-75.00,0.00,0.00
296115.00,2019-07-02 21:31:20.115,5.85,1438.36,0.00,1.51,0.00,1.00,1.00,544.97,3.14,12.92,59.56,55.84,-17.90,23.18,-0.28,-0.05,17.00,5633.84,-75.00,0.00,0.00
296215.00,2019-07-02 21:31:20.215,5.78,1438.47,0.00,1.51,0.00,1.00,1.00,545.02,3.14,12.73,59.56,55.84,-17.82,23.18,-0.29,-0.05,17.00,5633.84,-75.00,0.00,0.00
296315.00,2019-07-02 21:31:20.315,5.69,1438.59,0.00,1.51,0.00,1.00,1.00,545.06,3.14,12.94,59.56,55.84,-17.82,23.18,-0.28,-0.03,17.00,5633.84,-75.00,0.00,0.00
296415.00,2019-07-02 21:31:20.415,5.64,1438.83,0.00,1.51,0.00,1.00,1.00,545.15,3.14,12.92,59.59,55.84,-17.82,23.18,-0.28,-0.03,17.00,5633.84,-75.00,0.00,0.00
296515.00,2019-07-02 21:31:20.515,5.61,1438.94,0.00,1.51,0.00,1.00,1.00,545.19,3.14,12.72,59.59,55.84,-17.84,23.18,-0.29,-0.03,17.00,5633.84,-75.00,0.00,0.00
296615.00,2019-07-02 21:31:20.615,5.57,1439.06,0.00,1.51,0.00,1.00,1.00,545.24,3.14,12.90,59.59,55.84,-17.84,23.18,-0.28,-0.03,17.00,5633.84,-75.00,0.00,0.00
296715.00,2019-07-02 21:31:20.715,5.57,1439.29,0.00,1.51,0.00,1.00,1.00,545.33,3.14,12.95,59.64,55.88,-17.84,23.18,-0.29,-0.02,17.00,5633.84,-75.00,0.00,0.00
296815.00,2019-07-02 21:31:20.815,5.54,1439.41,0.00,1.51,0.00,1.00,1.00,545.37,3.14,12.69,59.64,55.88,-17.84,23.18,-0.25,-0.02,17.00,5633.84,-75.00,0.00,0.00
296915.00,2019-07-02 21:31:20.915,5.47,1439.53,0.00,1.51,0.00,1.00,1.00,545.42,3.14,12.90,59.64,55.86,-17.84,23.30,-0.30,-0.02,17.00,5633.84,-75.00,0.00,0.00
297015.00,2019-07-02 21:31:21.015,5.49,1439.76,0.00,1.51,0.00,1.00,1.00,545.51,3.14,12.96,59.62,55.86,-17.70,23.30,-0.28,-0.02,17.00,5633.84,-75.00,0.00,0.00
297115.00,2019-07-02 21:31:21.115,5.47,1439.88,0.00,1.51,0.00,1.00,1.00,545.55,3.14,12.68,59.62,55.86,-17.70,23.30,-0.27,-0.02,17.00,5633.84,-75.00,0.00,0.00
297215.00,2019-07-02 21:31:21.215,5.45,1440.00,0.00,1.51,0.00,1.00,1.00,545.59,3.14,12.92,59.66,55.81,-17.81,23.30,-0.28,-0.02,17.00,5633.84,-75.00,0.00,0.00
297315.00,2019-07-02 21:31:21.315,5.46,1440.11,0.00,1.51,0.00,1.00,1.00,545.64,3.14,12.93,59.66,55.81,-17.81,23.61,-0.27,-0.03,17.00,5633.84,-75.00,0.00,0.00
297415.00,2019-07-02 21:31:21.415,5.37,1440.35,0.00,1.51,0.00,1.00,1.00,545.73,3.14,12.74,59.66,55.79,-17.81,23.61,-0.29,-0.02,17.00,5633.84,-75.00,0.00,0.00
297515.00,2019-07-02 21:31:21.515,5.38,1440.46,0.00,1.51,0.00,1.00,1.00,545.77,3.14,12.90,59.64,55.79,-17.72,23.61,-0.29,-0.03,17.00,5633.84,-75.00,0.00,0.00
297615.00,2019-07-02 21:31:21.615,5.36,1440.58,0.00,1.51,0.00,1.00,1.00,545.82,3.14,12.92,59.64,55.79,-17.72,23.61,-0.28,-0.03,17.00,5633.84,-75.00,0.00,0.00
297715.00,2019-07-02 21:31:21.715,5.33,1440.70,0.00,1.51,0.00,1.00,1.00,545.86,3.14,12.78,59.62,55.91,-17.72,23.25,-0.29,-0.03,17.00,5633.84,-75.00,0.00,0.00
297815.00,2019-07-02 21:31:21.815,5.29,1440.93,0.00,1.51,0.00,1.00,1.00,545.95,3.14,12.86,59.62,55.91,-17.73,23.25,-0.28,-0.03,17.00,5633.84,-75.00,0.00,0.00
297915.00,2019-07-02 21:31:21.915,5.26,1441.05,0.00,1.51,0.00,1.00,1.00,545.99,3.14,12.93,59.62,55.84,-17.73,23.25,-0.30,-0.02,17.00,5633.84,-75.00,0.00,0.00
298015.00,2019-07-02 21:31:22.015,5.24,1441.17,0.00,1.51,0.00,1.00,1.00,546.04,3.14,12.79,59.58,55.84,-17.62,23.25,-0.26,-0.03,17.00,5633.84,-75.00,0.00,0.00
298115.00,2019-07-02 21:31:22.115,5.18,1441.28,0.00,1.51,0.00,1.00,1.00,546.08,3.14,12.86,59.58,55.84,-17.62,23.20,-0.30,-0.02,17.00,5633.84,-75.00,0.00,0.00
298215.00,2019-07-02 21:31:22.215,5.15,1441.52,0.00,1.51,0.00,1.00,1.00,546.17,3.14,12.94,59.58,55.89,-17.62,23.20,-0.29,-0.03,17.00,5633.84,-75.00,0.00,0.00
298315.00,2019-07-02 21:31:22.315,5.13,1441.63,0.00,1.51,0.00,1.00,1.00,546.21,3.14,12.78,59.59,55.89,-17.66,23.20,-0.30,-0.02,17.00,5633.84,-75.00,0.00,0.00
298415.00,2019-07-02 21:31:22.415,5.09,1441.75,0.00,1.51,0.00,1.00,1.00,546.26,3.14,12.86,59.59,55.88,-17.66,23.20,-0.29,-0.02,17.00,5633.84,-75.00,0.00,0.00
298515.00,2019-07-02 21:31:22.515,5.05,1441.87,0.00,1.51,0.00,1.00,1.00,546.30,3.14,12.91,59.64,55.88,-17.53,23.19,-0.27,-0.03,17.00,5633.84,-75.00,0.00,0.00
298615.00,2019-07-02 21:31:22.615,4.99,1441.99,0.00,1.51,0.00,1.00,1.00,546.35,3.14,12.80,59.64,55.88,-17.53,23.19,-0.30,-0.03,17.00,5633.84,-75.00,0.00,0.00
298715.00,2019-07-02 21:31:22.715,4.96,1442.10,0.00,1.51,0.00,1.00,1.00,546.39,3.14,12.85,59.64,55.87,-17.53,23.19,-0.25,-0.03,17.00,5633.84,-75.00,0.00,0.00
298815.00,2019-07-02 21:31:22.815,4.92,1442.34,0.00,1.51,0.00,1.00,1.00,546.48,3.14,12.89,59.64,55.87,-17.55,23.19,-0.28,-0.03,17.00,5633.84,-75.00,0.00,0.00
298915.00,2019-07-02 21:31:22.915,4.92,1442.45,0.00,1.51,0.00,1.00,1.00,546.53,3.14,12.82,59.64,55.82,-17.55,23.12,-0.28,-0.03,17.00,5633.84,-75.00,0.00,0.00
299015.00,2019-07-02 21:31:23.015,4.89,1442.57,0.00,1.51,0.00,1.00,1.00,546.57,3.14,12.82,59.69,55.82,-17.55,23.12,-0.27,-0.02,17.00,5633.84,-75.00,0.00,0.00
299115.00,2019-07-02 21:31:23.115,4.85,1442.69,0.00,1.51,0.00,1.00,1.00,546.61,3.14,12.91,59.69,55.82,-17.53,23.12,-0.28,-0.03,17.00,5633.84,-75.00,0.00,0.00
299215.00,2019-07-02 21:31:23.215,4.85,1442.80,0.00,1.51,0.00,1.00,1.00,546.66,3.14,12.79,59.69,55.87,-17.53,23.12,-0.28,-0.02,17.00,5633.84,-75.00,0.00,0.00
299315.00,2019-07-02 21:31:23.315,4.79,1442.92,0.00,1.51,0.00,1.00,1.00,546.70,3.14,12.86,59.60,55.87,-17.44,23.07,-0.31,-0.03,17.00,5633.84,-75.00,0.00,0.00
299415.00,2019-07-02 21:31:23.415,4.77,1443.04,0.00,1.51,0.00,1.00,1.00,546.75,3.14,12.91,59.60,55.84,-17.44,23.07,-0.30,-0.03,17.00,5633.84,-75.00,0.00,0.00
299515.00,2019-07-02 21:31:23.515,4.73,1443.27,0.00,1.51,0.00,1.00,1.00,546.84,3.14,12.76,59.60,55.84,-17.44,23.07,-0.28,-0.03,17.00,5633.84,-75.00,0.00,0.00
299615.00,2019-07-02 21:31:23.615,4.71,1443.39,0.00,1.51,0.00,1.00,1.00,546.88,3.14,12.93,59.62,55.84,-17.49,23.07,-0.28,-0.03,17.00,5633.84,-75.00,0.00,0.00
299715.00,2019-07-02 21:31:23.715,4.68,1443.51,0.00,1.51,0.00,1.00,1.00,546.92,3.14,12.86,59.62,55.80,-17.49,23.10,-0.28,-0.03,17.00,5633.84,-75.00,0.00,0.00
299815.00,2019-07-02 21:31:23.815,4.63,1443.62,0.00,1.51,0.00,1.00,1.00,546.97,3.14,12.79,59.64,55.80,-17.36,23.10,-0.29,-0.03,17.00,5633.84,-75.00,0.00,0.00
299915.00,2019-07-02 21:31:23.915,4.57,1443.74,0.00,1.51,0.00,1.00,1.00,547.01,3.14,12.95,59.64,55.86,-17.36,23.10,-0.29,-0.04,17.00,5633.84,-75.00,0.00,0.00
300015.00,2019-07-02 21:31:24.015,4.52,1443.86,0.00,1.51,0.00,1.00,1.00,547.06,3.14,12.84,59.64,55.86,-17.36,23.10,-0.28,-0.05,17.00,5633.84,-75.00,0.00,0.00
300115.00,2019-07-02 21:31:24.115,4.49,1443.97,0.00,1.51,0.00,1.00,1.00,547.10,3.14,12.79,59.66,55.86,-17.44,23.05,-0.29,-0.05,17.00,5633.84,-75.00,0.00,0.00
300215.00,2019-07-02 21:31:24.215,4.40,1444.09,0.00,1.51,0.00,1.00,1.00,547.15,3.14,12.92,59.66,55.80,-17.44,23.05,-0.26,-0.06,17.00,5633.84,-75.00,0.00,0.00
300315.00,2019-07-02 21:31:24.315,4.38,1444.21,0.00,1.51,0.00,1.00,1.00,547.19,3.14,12.85,59.62,55.80,-17.44,23.05,-0.28,-0.06,17.00,5633.84,-75.00,0.00,0.00
300415.00,2019-07-02 21:31:24.415,4.31,1444.33,0.00,1.51,0.00,1.00,1.00,547.23,3.14,12.77,59.62,55.82,-17.35,23.05,-0.26,-0.07,17.00,5633.84,-75.00,0.00,0.00
300515.00,2019-07-02 21:31:24.515,4.24,1444.44,0.00,1.51,0.00,1.00,1.00,547.28,3.14,12.93,59.62,55.82,-17.35,23.01,-0.28,-0.08,17.00,5633.84,-75.00,0.00,0.00
300615.00,2019-07-02 21:31:24.615,4.18,1444.56,0.00,1.51,0.00,1.00,1.00,547.32,3.14,12.85,59.70,55.82,-17.30,23.01,-0.27,-0.10,17.00,5633.84,-75.00,0.00,0.00
300715.00,2019-07-02 21:31:24.715,4.11,1444.68,0.00,1.51,0.00,1.00,1.00,547.37,3.14,12.74,59.70,55.84,-17.30,23.01,-0.28,-0.11,17.00,5633.84,-75.00,0.00,0.00
300815.00,2019-07-02 21:31:24.815,4.05,1444.79,0.00,1.51,0.00,1.00,1.00,547.41,3.14,12.95,59.70,55.84,-17.30,23.01,-0.29,-0.11,17.00,5633.84,-75.00,0.00,0.00
300915.00,2019-07-02 21:31:24.915,3.97,1444.91,0.00,1.51,0.00,1.00,1.00,547.46,3.14,12.85,59.64,55.84,-17.27,22.95,-0.29,-0.12,17.00,5633.84,-75.00,0.00,0.00
301015.00,2019-07-02 21:31:25.015,3.89,1445.03,0.00,1.51,0.00,1.00,1.00,547.50,3.14,12.76,59.64,55.84,-17.27,22.95,-0.30,-0.12,17.00,5633.84,-75.00,0.00,0.00
301115.00,2019-07-02 21:31:25.115,3.89,1445.03,0.00,1.51,0.00,1.00,1.00,547.50,3.14,12.95,59.60,55.84,-17.30,22.95,-0.27,-0.12,17.00,5633.84,-75.00,0.00,0.00
301215.00,2019-07-02 21:31:25.215,3.82,1445.15,0.00,1.51,0.00,1.00,1.00,547.55,3.14,12.88,59.60,55.82,-17.30,22.95,-0.28,-0.11,17.00,5633.84,-75.00,0.00,0.00
301315.00,2019-07-02 21:31:25.315,3.74,1445.26,0.00,1.51,0.00,1.00,1.00,547.59,3.14,12.76,59.60,55.82,-17.30,22.97,-0.29,-0.09,17.00,5633.84,-75.00,0.00,0.00
301415.00,2019-07-02 21:31:25.415,3.65,1445.38,0.00,1.51,0.00,1.00,1.00,547.63,3.14,12.91,59.67,55.91,-17.23,22.97,-0.27,-0.07,17.00,5633.84,-75.00,0.00,0.00
301515.00,2019-07-02 21:31:25.515,3.56,1445.50,0.00,1.51,0.00,1.00,1.00,547.68,3.14,12.94,59.67,55.91,-17.23,22.97,-0.29,-0.05,17.00,5633.84,-75.00,0.00,0.00
301615.00,2019-07-02 21:31:25.615,3.47,1445.61,0.00,1.51,0.00,1.00,1.00,547.72,3.14,12.72,59.62,55.91,-17.23,22.97,-0.27,-0.04,17.00,5633.84,-75.00,0.00,0.00
301715.00,2019-07-02 21:31:25.715,3.45,1445.61,0.00,1.51,0.00,1.00,1.00,547.72,3.14,12.92,59.62,55.77,-17.20,22.99,-0.30,-0.03,17.00,5633.84,-75.00,0.00,0.00
301815.00,2019-07-02 21:31:25.815,3.41,1445.73,0.00,1.51,0.00,1.00,1.00,547.77,3.14,12.96,59.62,55.77,-17.20,22.99,-0.28,-0.03,17.00,5633.84,-75.00,0.00,0.00
301915.00,2019-07-02 21:31:25.915,3.33,1445.85,0.00,1.51,0.00,1.00,1.00,547.81,3.14,12.69,59.65,55.79,-17.16,22.99,-0.27,-0.03,17.00,5633.84,-75.00,0.00,0.00
302015.00,2019-07-02 21:31:26.015,3.25,1445.96,0.00,1.51,0.00,1.00,1.00,547.86,3.14,12.93,59.65,55.79,-17.16,22.99,-0.27,-0.03,17.00,5633.84,-75.00,0.00,0.00
302115.00,2019-07-02 21:31:26.115,3.24,1445.96,0.00,1.51,0.00,1.00,1.00,547.86,3.14,12.94,59.65,55.79,-17.16,22.91,-0.26,-0.03,17.00,5633.84,-75.00,0.00,0.00
302215.00,2019-07-02 21:31:26.215,3.17,1446.08,0.00,1.51,0.00,1.00,1.00,547.90,3.14,12.70,59.64,55.74,-17.15,22.91,-0.28,-0.03,17.00,5633.84,-75.00,0.00,0.00
302315.00,2019-07-02 21:31:26.315,3.09,1446.20,0.00,1.51,0.00,1.00,1.00,547.94,3.14,12.92,59.64,55.74,-17.15,22.91,-0.25,-0.03,17.00,5633.84,-75.00,0.00,0.00
302415.00,2019-07-02 21:31:26.415,3.01,1446.32,0.00,1.51,0.00,1.00,1.00,547.99,3.14,12.93,59.72,55.79,-17.20,22.91,-0.28,-0.03,17.00,5633.84,-75.00,0.00,0.00
302515.00,2019-07-02 21:31:26.515,3.01,1446.32,0.00,1.51,0.00,1.00,1.00,547.99,3.14,12.71,59.72,55.79,-17.20,22.98,-0.30,-0.02,17.00,5633.84,-75.00,0.00,0.00
302615.00,2019-07-02 21:31:26.615,2.93,1446.43,0.00,1.51,0.00,1.00,1.00,548.03,3.14,12.88,59.72,55.79,-17.20,22.98,-0.28,-0.03,17.00,5633.84,-75.00,0.00,0.00
302715.00,2019-07-02 21:31:26.715,2.82,1446.55,0.00,1.51,0.00,1.00,1.00,548.08,3.14,12.95,59.70,55.82,-17.02,22.98,-0.30,-0.03,17.00,5633.84,-75.00,0.00,0.00
302815.00,2019-07-02 21:31:26.815,2.82,1446.55,0.00,1.51,0.00,1.00,1.00,548.08,3.14,12.73,59.70,55.82,-17.02,22.98,-0.26,-0.02,17.00,5633.84,-75.00,0.00,0.00
302915.00,2019-07-02 21:31:26.915,2.69,1446.67,0.00,1.51,0.00,1.00,1.00,548.12,3.14,12.88,59.62,55.79,-17.02,22.95,-0.30,-0.03,17.00,5633.84,-75.00,0.00,0.00
303015.00,2019-07-02 21:31:27.015,2.69,1446.67,0.00,1.51,0.00,1.00,1.00,548.12,3.14,12.95,59.62,55.79,-17.09,22.95,-0.28,-0.02,17.00,5633.84,-75.00,0.00,0.00
303115.00,2019-07-02 21:31:27.115,2.52,1446.78,0.00,1.51,0.00,1.00,1.00,548.17,3.14,12.73,59.62,55.79,-17.09,22.95,-0.28,-0.02,17.00,5633.84,-75.00,0.00,0.00
303215.00,2019-07-02 21:31:27.215,2.49,1446.78,0.00,1.51,0.00,1.00,1.00,548.17,3.14,12.89,59.66,55.77,-16.95,22.95,-0.29,-0.02,17.00,5633.84,-75.00,0.00,0.00
303315.00,2019-07-02 21:31:27.315,2.39,1446.90,0.00,1.51,0.00,1.00,1.00,548.21,3.14,12.92,59.66,55.77,-16.95,23.12,-0.27,-0.02,17.00,5633.84,-75.00,0.00,0.00
303415.00,2019-07-02 21:31:27.415,2.39,1446.90,0.00,1.51,0.00,1.00,1.00,548.21,3.14,12.79,59.66,55.73,-16.95,23.12,-0.29,-0.03,17.00,5633.84,-75.00,0.00,0.00
303515.00,2019-07-02 21:31:27.515,2.29,1447.02,0.00,1.51,0.00,1.00,1.00,548.25,3.14,12.88,59.67,55.73,-16.91,23.12,-0.26,-0.03,17.00,5633.84,-75.00,0.00,0.00
303615.00,2019-07-02 21:31:27.615,2.29,1447.02,0.00,1.51,0.00,1.00,1.00,548.25,3.14,12.91,59.67,55.73,-16.91,23.12,-0.28,-0.03,17.00,5633.84,-75.00,0.00,0.00
303715.00,2019-07-02 21:31:27.715,2.21,1447.14,0.00,1.51,0.00,1.00,1.00,548.30,3.14,12.82,59.67,55.77,-16.97,23.41,-0.27,-0.02,17.00,5633.84,-75.00,0.00,0.00
303815.00,2019-07-02 21:31:27.815,2.19,1447.14,0.00,1.51,0.00,1.00,1.00,548.30,3.14,12.84,59.67,55.77,-16.97,23.41,-0.27,-0.02,17.00,5633.84,-75.00,0.00,0.00
303915.00,2019-07-02 21:31:27.915,2.11,1447.25,0.00,1.51,0.00,1.00,1.00,548.34,3.14,12.93,59.67,55.75,-16.97,23.41,-0.30,-0.03,17.00,5633.84,-75.00,0.00,0.00
304015.00,2019-07-02 21:31:28.015,2.09,1447.25,0.00,1.51,0.00,1.00,1.00,548.34,3.14,12.80,59.64,55.75,-16.99,23.41,-0.26,-0.02,17.00,5633.84,-75.00,0.00,0.00
304115.00,2019-07-02 21:31:28.115,2.01,1447.37,0.00,1.51,0.00,1.00,1.00,548.39,3.14,12.83,59.64,55.75,-16.99,23.47,-0.30,-0.03,17.00,5633.84,-75.00,0.00,0.00
304215.00,2019-07-02 21:31:28.215,2.01,1447.37,0.00,1.51,0.00,1.00,1.00,548.39,3.14,12.93,59.69,55.77,-16.99,23.47,-0.29,-0.03,17.00,5633.84,-75.00,0.00,0.00
304315.00,2019-07-02 21:31:28.315,1.89,1447.49,0.00,1.51,0.00,1.00,1.00,548.43,3.14,12.77,59.69,55.77,-16.95,23.47,-0.30,-0.03,17.00,5633.84,-75.00,0.00,0.00
304415.00,2019-07-02 21:31:28.415,1.89,1447.49,0.00,1.51,0.00,1.00,1.00,548.43,3.14,12.85,59.69,55.68,-16.95,23.47,-0.29,-0.02,17.00,5633.84,-75.00,0.00,0.00
304515.00,2019-07-02 21:31:28.515,1.86,1447.49,0.00,1.51,0.00,1.00,1.00,548.43,3.14,12.90,59.72,55.68,-16.81,23.39,-0.28,-0.03,17.00,5633.84,-75.00,0.00,0.00
304615.00,2019-07-02 21:31:28.615,1.76,1447.60,0.00,1.51,0.00,1.00,1.00,548.48,3.14,12.94,59.72,55.68,-16.81,23.39,-0.29,-0.11,17.00,5633.84,-75.00,0.00,0.00
304715.00,2019-07-02 21:31:28.715,1.76,1447.60,0.00,1.51,0.00,1.00,1.00,548.48,3.14,12.86,59.72,55.77,-16.81,23.39,-0.28,-0.11,17.00,5633.84,-75.00,0.00,0.00
304815.00,2019-07-02 21:31:28.815,1.59,1447.72,0.00,1.51,0.00,1.00,1.00,548.52,3.14,12.73,59.73,55.77,-16.84,23.39,-0.27,-0.13,17.00,5633.84,-75.00,0.00,0.00
304915.00,2019-07-02 21:31:28.915,1.59,1447.72,0.00,1.51,0.00,1.00,1.00,548.52,3.14,12.95,59.73,55.75,-16.84,23.50,-0.27,-0.12,17.00,5633.84,-75.00,0.00,0.00
305015.00,2019-07-02 21:31:29.015,1.59,1447.72,0.00,1.51,0.00,1.00,1.00,548.52,3.14,12.87,59.69,55.75,-16.84,23.50,-0.29,-0.12,17.00,5633.84,-75.00,0.00,0.00
305115.00,2019-07-02 21:31:29.115,1.55,1447.72,0.00,1.51,0.00,1.00,1.00,548.52,3.14,12.75,59.69,55.75,-16.84,23.50,-0.30,-0.09,17.00,5633.84,-75.00,0.00,0.00
305215.00,2019-07-02 21:31:29.215,1.34,1447.84,0.00,1.51,0.00,1.00,1.00,548.56,3.14,12.93,59.69,55.73,-16.84,23.50,-0.27,-0.07,17.00,5633.84,-75.00,0.00,0.00
305315.00,2019-07-02 21:31:29.315,1.34,1447.84,0.00,1.51,0.00,1.00,1.00,548.56,3.14,12.93,59.72,55.73,-16.84,23.48,-0.30,-0.05,17.00,5633.84,-75.00,0.00,0.00
305415.00,2019-07-02 21:31:29.415,1.34,1447.84,0.00,1.51,0.00,1.00,1.00,548.56,3.14,12.75,59.72,55.77,-16.84,23.48,-0.28,-0.04,17.00,5633.84,-75.00,0.00,0.00
305515.00,2019-07-02 21:31:29.515,1.31,1447.84,0.00,1.51,0.00,1.00,1.00,548.56,3.14,12.90,59.72,55.77,-16.84,23.48,-0.28,-0.04,17.00,5633.84,-75.00,0.00,0.00
305615.00,2019-07-02 21:31:29.615,1.14,1447.95,0.00,1.51,0.00,1.00,1.00,548.61,3.14,12.95,59.72,55.77,-16.78,23.48,-0.31,-0.03,17.00,5633.84,-75.00,0.00,0.00
305715.00,2019-07-02 21:31:29.715,1.14,1447.95,0.00,1.51,0.00,1.00,1.00,548.61,3.14,12.70,59.72,55.75,-16.78,23.49,-0.27,-0.03,17.00,5633.84,-75.00,0.00,0.00
305815.00,2019-07-02 21:31:29.815,1.14,1447.95,0.00,1.51,0.00,1.00,1.00,548.61,3.14,12.92,59.67,55.75,-16.65,23.49,-0.29,-0.03,17.00,5633.84,-75.00,0.00,0.00
305915.00,2019-07-02 21:31:29.915,1.89,1447.95,0.00,1.51,0.00,1.00,1.00,548.61,3.14,12.96,59.67,55.72,-16.65,23.49,-0.28,-0.02,17.00,5633.84,-75.00,0.00,0.00
306015.00,2019-07-02 21:31:30.015,1.89,1448.07,0.00,1.51,0.00,1.00,1.00,548.65,3.14,12.68,59.67,55.72,-16.65,23.49,-0.28,-0.03,17.00,5633.84,-75.00,0.00,0.00
306115.00,2019-07-02 21:31:30.115,1.89,1448.07,0.00,1.51,0.00,1.00,1.00,548.65,3.14,12.92,59.69,55.72,-16.73,23.48,-0.28,-0.02,17.00,5633.84,-75.00,0.00,0.00
306215.00,2019-07-02 21:31:30.215,1.89,1448.07,0.00,1.51,0.00,1.00,1.00,548.65,3.14,12.92,59.69,55.72,-16.73,23.48,-0.28,-0.03,17.00,5633.84,-75.00,0.00,0.00
306315.00,2019-07-02 21:31:30.315,1.81,1448.07,0.00,1.51,0.00,1.00,1.00,548.65,3.14,12.72,59.62,55.72,-16.73,23.48,-0.28,-0.03,17.00,5633.84,-75.00,0.00,0.00
306415.00,2019-07-02 21:31:30.415,-0.00,1448.07,0.00,1.51,0.00,1.00,1.00,548.65,3.14,12.89,59.62,55.70,-16.60,23.48,-0.25,-0.02,17.00,5633.84,-75.00,0.00,0.00
306515.00,2019-07-02 21:31:30.515,-0.00,1448.07,0.00,1.51,0.00,1.00,1.00,548.65,3.14,12.93,59.62,55.70,-16.60,23.48,-0.30,-0.02,17.00,5633.84,-75.00,0.00,0.00
306615.00,2019-07-02 21:31:30.615,1.30,1448.07,0.00,1.51,0.00,1.00,1.00,548.65,3.14,12.77,59.72,55.70,-16.61,23.48,-0.28,-0.02,17.00,5633.84,-75.00,0.00,0.00
306715.00,2019-07-02 21:31:30.715,1.30,1448.07,0.00,1.51,0.00,1.00,1.00,548.65,3.14,12.86,59.72,55.65,-16.61,23.48,-0.30,-0.02,17.00,5633.84,-75.00,0.00,0.00
306815.00,2019-07-02 21:31:30.815,1.30,1448.19,0.00,1.51,0.00,1.00,1.00,548.70,3.14,12.94,59.72,55.65,-16.61,23.48,-0.29,-0.02,17.00,5633.84,-75.00,0.00,0.00
306915.00,2019-07-02 21:31:30.915,1.30,1448.19,0.00,1.51,0.00,1.00,1.00,548.70,3.14,12.77,59.64,55.61,-16.61,23.41,-0.27,-0.03,17.00,5633.84,-75.00,0.00,0.00
307015.00,2019-07-02 21:31:31.015,1.10,1448.19,0.00,1.51,0.00,1.00,1.00,548.70,3.14,12.86,59.64,55.61,-16.61,23.41,-0.30,-0.03,17.00,5633.84,-75.00,0.00,0.00
307115.00,2019-07-02 21:31:31.115,1.10,1448.19,0.00,1.51,0.00,1.00,1.00,548.70,3.14,12.93,59.70,55.61,-16.60,23.41,-0.29,-0.02,17.00,5633.84,-75.00,0.00,0.00
307215.00,2019-07-02 21:31:31.215,-0.00,1448.19,0.00,1.51,0.00,1.00,1.00,548.70,3.14,12.78,59.70,55.67,-16.60,23.41,-0.27,-0.03,17.00,5633.84,-75.00,0.00,0.00
307315.00,2019-07-02 21:31:31.315,-0.00,1448.19,0.00,1.51,0.00,1.00,1.00,548.70,3.14,12.86,59.70,55.67,-16.60,23.45,-0.28,-0.03,17.00,5633.84,-75.00,0.00,0.00
307415.00,2019-07-02 21:31:31.415,0.00,1448.19,0.00,1.51,0.00,1.00,1.00,548.70,3.14,12.90,59.66,55.66,-16.49,23.45,-0.28,-0.03,17.00,5633.84,-75.00,0.00,0.00
307515.00,2019-07-02 21:31:31.515,0.00,1448.19,0.00,1.51,0.00,1.00,1.00,548.70,3.14,12.81,59.66,55.66,-16.49,23.45,-0.29,-0.03,17.00,5633.84,-75.00,0.00,0.00
307615.00,2019-07-02 21:31:31.615,0.00,1448.19,0.00,1.51,0.00,1.00,1.00,548.70,3.14,12.84,59.69,55.66,-16.49,23.45,-0.27,-0.03,17.00,5633.84,-75.00,0.00,0.00
307715.00,2019-07-02 21:31:31.715,0.00,1448.19,0.00,1.51,0.00,1.00,1.00,548.70,3.14,12.91,59.69,55.75,-16.55,23.52,-0.31,-0.03,17.00,5633.84,-75.00,0.00,0.00
307815.00,2019-07-02 21:31:31.815,0.00,1448.19,0.00,1.51,0.00,1.00,1.00,548.70,3.14,12.82,59.69,55.75,-16.55,23.52,-0.30,-0.03,17.00,5633.84,-75.00,0.00,0.00
307915.00,2019-07-02 21:31:31.915,0.00,1448.19,0.00,1.51,0.00,1.00,1.00,548.70,3.14,12.81,59.69,55.63,-16.45,23.52,-0.27,-0.03,17.00,5633.84,-75.00,0.00,0.00
308015.00,2019-07-02 21:31:32.015,-0.00,1448.19,0.00,1.51,0.00,1.00,1.00,548.70,3.14,12.92,59.69,55.63,-16.45,23.52,-0.28,-0.02,17.00,5633.84,-75.00,0.00,0.00
308115.00,2019-07-02 21:31:32.115,-0.00,1448.19,0.00,1.51,0.00,1.00,1.00,548.70,3.14,12.78,59.69,55.63,-16.45,23.61,-0.27,-0.03,17.00,5633.84,-75.00,0.00,0.00
308215.00,2019-07-02 21:31:32.215,0.00,1448.19,0.00,1.51,0.00,1.00,1.00,548.70,3.14,12.88,59.73,55.70,-16.42,23.61,-0.28,-0.03,17.00,5633.84,-75.00,0.00,0.00
308315.00,2019-07-02 21:31:32.315,0.00,1448.19,0.00,1.51,0.00,1.00,1.00,548.70,3.14,12.91,59.73,55.70,-16.42,23.61,-0.28,-0.03,17.00,5633.84,-75.00,0.00,0.00
308415.00,2019-07-02 21:31:32.415,1.09,1448.31,0.00,1.51,0.00,1.00,1.00,548.74,3.14,12.77,59.67,55.63,-16.44,23.61,-0.28,-0.04,17.00,5633.84,-75.00,0.00,0.00
308515.00,2019-07-02 21:31:32.515,1.09,1448.31,0.00,1.51,0.00,1.00,1.00,548.74,3.14,12.91,59.67,55.63,-16.44,23.69,-0.29,-0.03,17.00,5633.84,-75.00,0.00,0.00
308615.00,2019-07-02 21:31:32.615,1.09,1448.31,0.00,1.51,0.00,1.00,1.00,548.74,3.14,12.86,59.67,55.63,-16.44,23.69,-0.27,-0.04,17.00,5633.84,-75.00,0.00,0.00
308715.00,2019-07-02 21:31:32.715,1.09,1448.31,0.00,1.51,0.00,1.00,1.00,548.74,3.14,12.80,59.78,55.70,-16.42,23.69,-0.30,-0.04,17.00,5633.84,-75.00,0.00,0.00
308815.00,2019-07-02 21:31:32.815,-0.00,1448.31,0.00,1.51,0.00,1.00,1.00,548.74,3.14,12.94,59.78,55.70,-16.42,23.69,-0.26,-0.03,17.00,5633.84,-75.00,0.00,0.00
308915.00,2019-07-02 21:31:32.915,-0.00,1448.31,0.00,1.51,0.00,1.00,1.00,548.74,3.14,12.85,59.67,55.70,-16.42,23.61,-0.32,-0.04,17.00,5633.84,-75.00,0.00,0.00
309015.00,2019-07-02 21:31:33.015,0.00,1448.31,0.00,1.51,0.00,1.00,1.00,548.74,3.14,12.80,59.67,55.70,-16.34,23.61,-0.28,-0.04,17.00,5633.84,-75.00,0.00,0.00
309115.00,2019-07-02 21:31:33.115,0.00,1448.31,0.00,1.51,0.00,1.00,1.00,548.74,3.14,12.92,59.67,55.70,-16.34,23.61,-0.27,-0.05,17.00,5633.84,-75.00,0.00,0.00
309215.00,2019-07-02 21:31:33.215,0.00,1448.31,0.00,1.51,0.00,1.00,1.00,548.74,3.14,12.86,59.72,55.59,-16.23,23.61,-0.28,-0.05,17.00,5633.84,-75.00,0.00,0.00
309315.00,2019-07-02 21:31:33.315,0.00,1448.31,0.00,1.51,0.00,1.00,1.00,548.74,3.14,12.76,59.72,55.59,-16.23,23.63,-0.28,-0.06,17.00,5633.84,-75.00,0.00,0.00
309415.00,2019-07-02 21:31:33.415,0.00,1448.31,0.00,1.51,0.00,1.00,1.00,548.74,3.14,12.94,59.72,55.59,-16.23,23.63,-0.28,-0.06,17.00,5633.84,-75.00,0.00,0.00
309515.00,2019-07-02 21:31:33.515,0.00,1448.31,0.00,1.51,0.00,1.00,1.00,548.74,3.14,12.85,59.72,55.59,-16.32,23.63,-0.25,-0.07,17.00,5633.84,-75.00,0.00,0.00
309615.00,2019-07-02 21:31:33.615,-0.00,1448.31,0.00,1.51,0.00,1.00,1.00,548.74,3.14,12.74,59.72,55.59,-16.32,23.63,-0.26,-0.08,17.00,5633.84,-75.00,0.00,0.00
309715.00,2019-07-02 21:31:33.715,-0.00,1448.31,0.00,1.51,0.00,1.00,1.00,548.74,3.14,12.95,59.70,55.63,-16.23,23.65,-0.27,-0.09,17.00,5633.84,-75.00,0.00,0.00
309815.00,2019-07-02 21:31:33.815,0.00,1448.31,0.00,1.51,0.00,1.00,1.00,548.74,3.14,12.82,59.70,55.63,-16.23,23.65,-0.26,-0.10,17.00,5633.84,-75.00,0.00,0.00
309915.00,2019-07-02 21:31:33.915,0.00,1448.31,0.00,1.51,0.00,1.00,1.00,548.74,3.14,12.77,59.70,55.60,-16.23,23.65,-0.30,-0.11,17.00,5633.84,-75.00,0.00,0.00
310015.00,2019-07-02 21:31:34.015,0.00,1448.31,0.00,1.51,0.00,1.00,1.00,548.74,3.14,12.94,59.73,55.60,-16.16,23.65,-0.26,-0.12,17.00,5633.84,-75.00,0.00,0.00
310115.00,2019-07-02 21:31:34.115,1.21,1448.31,0.00,1.51,0.00,1.00,1.00,548.74,3.14,12.84,59.73,55.60,-16.16,23.63,-0.30,-0.13,17.00,5633.84,-75.00,0.00,0.00
310215.00,2019-07-02 21:31:34.215,1.21,1448.31,0.00,1.51,0.00,1.00,1.00,548.74,3.14,12.78,59.77,55.59,-16.16,23.63,-0.28,-0.03,17.00,5633.84,-75.00,0.00,0.00
310315.00,2019-07-02 21:31:34.315,1.21,1448.31,0.00,1.51,0.00,1.00,1.00,548.74,3.14,12.91,59.77,55.59,-16.16,23.63,-0.28,-0.03,17.00,5633.84,-75.00,0.00,0.00
310415.00,2019-07-02 21:31:34.415,1.21,1448.31,0.00,1.51,0.00,1.00,1.00,548.74,3.14,12.75,59.77,55.61,-16.16,23.63,-0.30,-0.02,17.00,5633.84,-75.00,0.00,0.00
310515.00,2019-07-02 21:31:34.515,-0.00,1448.31,0.00,1.51,0.00,1.00,1.00,548.74,3.14,12.87,59.81,55.61,-16.17,23.70,-0.28,-0.03,17.00,5633.84,-75.00,0.00,0.00
310615.00,2019-07-02 21:31:34.615,-0.00,1448.31,0.00,1.51,0.00,1.00,1.00,548.74,3.14,12.93,59.81,55.61,-16.17,23.70,-0.30,-0.02,17.00,5633.84,-75.00,0.00,0.00
310715.00,2019-07-02 21:31:34.715,-0.00,1448.31,0.00,1.51,0.00,1.00,1.00,548.74,3.14,12.79,59.81,55.63,-16.17,23.70,-0.29,-0.02,17.00,5633.84,-75.00,0.00,0.00
310815.00,2019-07-02 21:31:34.815,0.00,1448.31,0.00,1.51,0.00,1.00,1.00,548.74,3.14,12.85,59.76,55.63,-16.19,23.70,-0.30,-0.02,17.00,5633.84,-75.00,0.00,0.00
310915.00,2019-07-02 21:31:34.915,0.00,1448.31,0.00,1.51,0.00,1.00,1.00,548.74,3.14,12.94,59.76,55.58,-16.19,23.66,-0.29,-0.04,17.00,5633.84,-75.00,0.00,0.00
311015.00,2019-07-02 21:31:35.015,0.00,1448.31,0.00,1.51,0.00,1.00,1.00,548.74,3.14,12.93,59.76,55.58,-16.14,23.66,-0.27,-0.04,17.00,5633.84,-75.00,0.00,0.00
311115.00,2019-07-02 21:31:35.115,0.00,1448.31,0.00,1.51,0.00,1.00,1.00,548.74,3.14,12.86,59.76,55.58,-16.14,23.66,-0.29,-0.04,17.00,5633.84,-75.00,0.00,0.00
311215.00,2019-07-02 21:31:35.215,0.00,1448.31,0.00,1.51,0.00,1.00,1.00,548.74,3.14,12.78,59.76,55.58,-16.14,23.66,-0.25,-0.04,17.00,5633.84,-75.00,0.00,0.00
311315.00,2019-07-02 21:31:35.315,-0.00,1448.31,0.00,1.51,0.00,1.00,1.00,548.74,3.14,12.94,59.70,55.58,-16.13,23.49,-0.29,-0.04,17.00,5633.84,-75.00,0.00,0.00
311415.00,2019-07-02 21:31:35.415,-0.00,1448.31,0.00,1.51,0.00,1.00,1.00,548.74,3.14,12.86,59.70,55.56,-16.13,23.49,-0.27,-0.05,17.00,5633.84,-75.00,0.00,0.00
311515.00,2019-07-02 21:31:35.515,-0.00,1448.31,0.00,1.51,0.00,1.00,1.00,548.74,3.14,12.84,59.70,55.56,-16.13,23.49,-0.28,-0.03,17.00,5633.84,-75.00,0.00,0.00
311615.00,2019-07-02 21:31:35.615,0.00,1448.31,0.00,1.51,0.00,1.00,1.00,548.74,3.14,12.90,59.70,55.56,-16.02,23.49,-0.29,-0.03,17.00,5633.84,-75.00,0.00,0.00
311715.00,2019-07-02 21:31:35.715,0.00,1448.31,0.00,1.51,0.00,1.00,1.00,548.74,3.14,12.89,59.70,55.65,-16.02,23.45,-0.27,-0.03,17.00,5633.84,-75.00,0.00,0.00
311815.00,2019-07-02 21:31:35.815,0.00,1448.31,0.00,1.51,0.00,1.00,1.00,548.74,3.14,12.91,59.72,55.65,-15.96,23.45,-0.30,-0.03,17.00,5633.84,-75.00,0.00,0.00
311915.00,2019-07-02 21:31:35.915,0.00,1448.31,0.00,1.51,0.00,1.00,1.00,548.74,3.14,12.96,59.72,55.63,-15.96,23.45,-0.28,-0.02,17.00,5633.84,-75.00,0.00,0.00
312015.00,2019-07-02 21:31:36.015,0.00,1448.31,0.00,1.51,0.00,1.00,1.00,548.74,3.14,12.68,59.71,55.63,-15.96,23.45,-0.29,-0.03,17.00,5633.84,-75.00,0.00,0.00
312115.00,2019-07-02 21:31:36.115,-0.00,1448.31,0.00,1.51,0.00,1.00,1.00,548.74,3.14,12.92,59.71,55.63,-15.98,23.43,-0.28,-0.02,17.00,5633.84,-75.00,0.00,0.00
312215.00,2019-07-02 21:31:36.215,-0.00,1448.31,0.00,1.51,0.00,1.00,1.00,548.74,3.14,12.93,59.71,55.58,-15.98,23.43,-0.30,-0.03,17.00,5633.84,-75.00,0.00,0.00
312315.00,2019-07-02 21:31:36.315,-0.00,1448.31,0.00,1.51,0.00,1.00,1.00,548.74,3.14,12.92,59.72,55.58,-15.85,23.43,-0.28,-0.11,17.00,5633.84,-75.00,0.00,0.00
312415.00,2019-07-02 21:31:36.415,0.00,1448.31,0.00,1.51,0.00,1.00,1.00,548.74,3.14,12.90,59.72,55.61,-15.85,23.43,-0.25,-0.03,17.00,5633.84,-75.00,0.00,0.00
312515.00,2019-07-02 21:31:36.515,0.00,1448.31,0.00,1.51,0.00,1.00,1.00,548.74,3.14,12.78,59.73,55.61,-15.85,23.34,-0.30,-0.03,17.00,5633.84,-75.00,0.00,0.00
312615.00,2019-07-02 21:31:36.615,0.00,1448.31,0.00,1.51,0.00,1.00,1.00,548.74,3.14,12.88,59.73,55.61,-15.92,23.34,-0.29,-0.03,17.00,5633.84,-75.00,0.00,0.00
312715.00,2019-07-02 21:31:36.715,0.00,1448.31,0.00,1.51,0.00,1.00,1.00,548.74,3.14,12.87,59.73,55.60,-15.92,23.34,-0.30,-0.03,17.00,5633.84,-75.00,0.00,0.00
312815.00,2019-07-02 21:31:36.815,0.00,1448.31,0.00,1.51,0.00,1.00,1.00,548.74,3.14,12.87,59.74,55.60,-15.92,23.34,-0.29,-0.02,17.00,5633.84,-75.00,0.00,0.00
312915.00,2019-07-02 21:31:36.915,-0.00,1448.31,0.00,1.51,0.00,1.00,1.00,548.74,3.14,12.95,59.74,55.59,-15.84,23.28,-0.28,-0.02,17.00,5633.84,-75.00,0.00,0.00
313015.00,2019-07-02 21:31:37.015,-0.00,1448.31,0.00,1.51,0.00,1.00,1.00,548.74,3.14,12.95,59.74,55.59,-15.84,23.28,-0.30,-0.02,17.00,5633.84,-75.00,0.00,0.00
313115.00,2019-07-02 21:31:37.115,-0.00,1448.31,0.00,1.51,0.00,1.00,1.00,548.74,3.14,12.89,59.74,55.59,-15.85,23.28,-0.29,-0.02,17.00,5633.84,-75.00,0.00,0.00
313215.00,2019-07-02 21:31:37.215,0.00,1448.31,0.00,1.51,0.00,1.00,1.00,548.74,3.14,12.88,59.74,55.58,-15.85,23.28,-0.29,-0.02,17.00,5633.84,-75.00,0.00,0.00
313315.00,2019-07-02 21:31:37.315,0.00,1448.31,0.00,1.51,0.00,1.00,1.00,548.74,3.14,12.74,59.74,55.58,-15.85,23.28,-0.28,-0.03,17.00,5633.84,-75.00,0.00,0.00
313415.00,2019-07-02 21:31:37.415,0.00,1448.31,0.00,1.51,0.00,1.00,1.00,548.74,3.14,12.91,59.74,55.54,-15.80,23.28,-0.27,-0.03,17.00,5633.84,-75.00,0.00,0.00
313515.00,2019-07-02 21:31:37.515,0.00,1448.31,0.00,1.51,0.00,1.00,1.00,548.74,3.14,12.95,59.74,55.54,-15.80,23.28,-0.28,-0.02,17.00,5633.84,-75.00,0.00,0.00
313615.00,2019-07-02 21:31:37.615,0.00,1448.31,0.00,1.51,0.00,1.00,1.00,548.74,3.14,12.70,59.73,55.54,-15.77,23.28,-0.26,-0.03,17.00,5633.84,-75.00,0.00,0.00
313715.00,2019-07-02 21:31:37.715,-0.00,1448.31,0.00,1.51,0.00,1.00,1.00,548.74,3.14,12.91,59.73,55.50,-15.77,23.37,-0.30,-0.02,17.00,5633.84,-75.00,0.00,0.00
313815.00,2019-07-02 21:31:37.815,-0.00,1448.31,0.00,1.51,0.00,1.00,1.00,548.74,3.14,12.96,59.73,55.50,-15.77,23.37,-0.28,-0.03,17.00,5633.84,-75.00,0.00,0.00
313915.00,2019-07-02 21:31:37.915,-0.00,1448.31,0.00,1.51,0.00,1.00,1.00,548.74,3.14,12.94,59.73,55.58,-15.83,23.37,-0.28,-0.08,17.00,5633.84,-75.00,0.00,0.00
314015.00,2019-07-02 21:31:38.015,0.00,1448.31,0.00,1.51,0.00,1.00,1.00,548.74,3.14,12.92,59.73,55.58,-15.83,23.37,-0.27,-0.02,17.00,5633.84,-75.00,0.00,0.00
314115.00,2019-07-02 21:31:38.115,0.00,1448.31,0.00,1.51,0.00,1.00,1.00,548.74,3.14,12.79,59.78,55.58,-15.83,23.37,-0.25,-0.03,17.00,5633.84,-75.00,0.00,0.00
314215.00,2019-07-02 21:31:38.215,0.00,1448.31,0.00,1.51,0.00,1.00,1.00,548.74,3.14,12.84,59.78,55.48,-15.70,23.37,-0.28,-0.02,17.00,5633.84,-75.00,0.00,0.00
314315.00,2019-07-02 21:31:38.315,0.00,1448.31,0.00,1.51,0.00,1.00,1.00,548.74,3.14,12.93,59.78,55.48,-15.70,23.37,-0.30,-0.02,17.00,5633.84,-75.00,0.00,0.00
314415.00,2019-07-02 21:31:38.415,0.00,1448.31,0.00,1.51,0.00,1.00,1.00,548.74,3.14,12.73,59.78,55.45,-15.67,23.37,-0.28,-0.03,17.00,5633.84,-75.00,0.00,0.00
314515.00,2019-07-02 21:31:38.515,-0.00,1448.31,0.00,1.51,0.00,1.00,1.00,548.74,3.14,12.94,59.78,55.45,-15.67,23.54,-0.28,-0.02,17.00,5633.84,-75.00,0.00,0.00
314615.00,2019-07-02 21:31:38.615,-0.00,1448.31,0.00,1.51,0.00,1.00,1.00,548.74,3.14,12.75,59.77,55.45,-15.67,23.54,-0.29,-0.03,17.00,5633.84,-75.00,0.00,0.00
314715.00,2019-07-02 21:31:38.715,-0.00,1448.31,0.00,1.51,0.00,1.00,1.00,548.74,3.14,12.87,59.77,55.43,-15.63,23.54,-0.29,-0.02,17.00,5633.84,-75.00,0.00,0.00
314815.00,2019-07-02 21:31:38.815,0.00,1448.31,0.00,1.51,0.00,1.00,1.00,548.74,3.14,12.86,59.77,55.43,-15.63,23.54,-0.26,-0.02,17.00,5633.84,-75.00,0.00,0.00
314915.00,2019-07-02 21:31:38.915,0.00,1448.31,0.00,1.51,0.00,1.00,1.00,548.74,3.14,12.76,59.74,55.52,-15.63,23.76,-0.30,-0.02,17.00,5633.84,-75.00,0.00,0.00
315015.00,2019-07-02 21:31:39.015,0.00,1448.31,0.00,1.51,0.00,1.00,1.00,548.74,3.14,12.78,59.74,55.52,-15.63,23.76,-0.29,-0.03,17.00,5633.84,-75.00,0.00,0.00
315115.00,2019-07-02 21:31:39.115,0.00,1448.31,0.00,1.51,0.00,1.00,1.00,548.74,3.14,12.86,59.72,55.52,-15.63,23.76,-0.28,-0.02,17.00,5633.84,-75.00,0.00,0.00
315215.00,2019-07-02 21:31:39.215,0.00,1448.31,0.00,1.51,0.00,1.00,1.00,548.74,3.14,12.95,59.72,55.45,-15.61,23.76,-0.30,-0.02,17.00,5633.84,-75.00,0.00,0.00
315315.00,2019-07-02 21:31:39.315,0.00,1448.31,0.00,1.51,0.00,1.00,1.00,548.74,3.14,12.78,59.72,55.45,-15.61,23.91,-0.27,-0.03,17.00,5633.84,-75.00,0.00,0.00
315415.00,2019-07-02 21:31:39.415,0.00,1448.31,0.00,1.51,0.00,1.00,1.00,548.74,3.14,12.90,59.78,55.48,-15.61,23.91,-0.29,-0.03,17.00,5633.84,-75.00,0.00,0.00
315515.00,2019-07-02 21:31:39.515,0.00,1448.31,0.00,1.51,0.00,1.00,1.00,548.74,3.14,12.91,59.78,55.48,-15.59,23.91,-0.28,-0.03,17.00,5633.84,-75.00,0.00,0.00
315615.00,2019-07-02 21:31:39.615,0.00,1448.31,0.00,1.51,0.00,1.00,1.00,548.74,3.14,12.81,59.78,55.48,-15.59,23.91,-0.27,-0.03,17.00,5633.84,-75.00,0.00,0.00
315715.00,2019-07-02 21:31:39.715,0.00,1448.31,0.00,1.51,0.00,1.00,1.00,548.74,3.14,12.96,59.73,55.48,-15.55,23.84,-0.27,-0.03,17.00,5633.84,-75.00,0.00,0.00
315815.00,2019-07-02 21:31:39.815,0.00,1448.31,0.00,1.51,0.00,1.00,1.00,548.74,3.14,12.69,59.73,55.48,-15.55,23.84,-0.26,-0.02,17.00,5633.84,-75.00,0.00,0.00
315915.00,2019-07-02 21:31:39.915,0.00,1448.31,0.00,1.51,0.00,1.00,1.00,548.74,3.14,12.92,59.74,55.47,-15.55,23.84,-0.29,-0.03,17.00,5633.84,-75.00,0.00,0.00
316015.00,2019-07-02 21:31:40.015,0.00,1448.31,0.00,1.51,0.00,1.00,1.00,548.74,3.14,12.95,59.74,55.47,-15.55,23.84,-0.26,-0.02,17.00,5633.84,-75.00,0.00,0.00
316115.00,2019-07-02 21:31:40.115,0.00,1448.31,0.00,1.51,0.00,1.00,1.00,548.74,3.14,12.70,59.74,55.47,-15.55,23.89,-0.30,-0.03,17.00,5633.84,-75.00,0.00,0.00
316215.00,2019-07-02 21:31:40.215,0.00,1448.31,0.00,1.51,0.00,1.00,1.00,548.74,3.14,12.92,59.74,55.45,-15.52,23.89,-0.29,-0.04,17.00,5633.84,-75.00,0.00,0.00
316315.00,2019-07-02 21:31:40.315,0.00,1448.31,0.00,1.51,0.00,1.00,1.00,548.74,3.14,12.86,59.74,55.45,-15.52,23.89,-0.30,-0.12,17.00,5633.84,-75.00,0.00,0.00
316415.00,2019-07-02 21:31:40.415,0.00,1448.31,0.00,1.51,0.00,1.00,1.00,548.74,3.14,12.88,59.76,55.38,-15.52,23.89,-0.29,-0.03,17.00,5633.84,-75.00,0.00,0.00
316515.00,2019-07-02 21:31:40.515,0.00,1448.31,0.00,1.51,0.00,1.00,1.00,548.74,3.14,12.89,59.76,55.38,-15.45,24.09,-0.27,-0.03,17.00,5633.84,-75.00,0.00,0.00
316615.00,2019-07-02 21:31:40.615,0.00,1448.31,0.00,1.51,0.00,1.00,1.00,548.74,3.14,12.80,59.76,55.38,-15.45,24.09,-0.30,-0.03,17.00,5633.84,-75.00,0.00,0.00
316715.00,2019-07-02 21:31:40.715,0.00,1448.31,0.00,1.51,0.00,1.00,1.00,548.74,3.14,12.95,59.72,55.35,-15.45,24.09,-0.29,-0.03,17.00,5633.84,-75.00,0.00,0.00
316815.00,2019-07-02 21:31:40.815,0.00,1448.31,0.00,1.51,0.00,1.00,1.00,548.74,3.14,12.94,59.72,55.35,-15.34,24.09,-0.29,-0.03,17.00,5633.84,-75.00,0.00,0.00
316915.00,2019-07-02 21:31:40.915,0.00,1448.31,0.00,1.51,0.00,1.00,1.00,548.74,3.14,12.79,59.80,55.42,-15.34,24.09,-0.30,-0.03,17.00,5633.84,-75.00,0.00,0.00
317015.00,2019-07-02 21:31:41.015,0.00,1448.31,0.00,1.51,0.00,1.00,1.00,548.74,3.14,12.86,59.80,55.42,-15.45,24.09,-0.27,-0.03,17.00,5633.84,-75.00,0.00,0.00
317115.00,2019-07-02 21:31:41.115,0.00,1448.31,0.00,1.51,0.00,1.00,1.00,548.74,3.14,12.94,59.80,55.42,-15.45,24.09,-0.28,-0.03,17.00,5633.84,-75.00,0.00,0.00
317215.00,2019-07-02 21:31:41.215,0.00,1448.31,0.00,1.51,0.00,1.00,1.00,548.74,3.14,12.88,59.66,55.41,-15.45,24.09,-0.26,-0.02,17.00,5633.84,-75.00,0.00,0.00
317315.00,2019-07-02 21:31:41.315,0.00,1448.31,0.00,1.51,0.00,1.00,1.00,548.74,3.14,12.91,59.66,55.41,-15.38,24.16,-0.30,-0.03,17.00,5633.84,-75.00,0.00,0.00
317415.00,2019-07-02 21:31:41.415,0.00,1448.31,0.00,1.51,0.00,1.00,1.00,548.74,3.14,12.91,59.66,55.45,-15.38,24.16,-0.28,-0.03,17.00,5633.84,-75.00,0.00,0.00
317515.00,2019-07-02 21:31:41.515,0.00,1448.31,0.00,1.51,0.00,1.00,1.00,548.74,3.14,12.85,59.78,55.45,-15.25,24.16,-0.28,-0.03,17.00,5633.84,-75.00,0.00,0.00
317615.00,2019-07-02 21:31:41.615,0.00,1448.31,0.00,1.51,0.00,1.00,1.00,548.74,3.14,12.91,59.78,55.45,-15.25,24.16,-0.28,-0.03,17.00,5633.84,-75.00,0.00,0.00
317715.00,2019-07-02 21:31:41.715,0.00,1448.31,0.00,1.51,0.00,1.00,1.00,548.74,3.14,12.89,59.69,55.35,-15.25,24.18,-0.27,-0.03,17.00,5633.84,-75.00,0.00,0.00
317815.00,2019-07-02 21:31:41.815,0.00,1448.31,0.00,1.51,0.00,1.00,1.00,548.74,3.14,12.82,59.69,55.35,-15.27,24.18,-0.29,-0.03,17.00,5633.84,-75.00,0.00,0.00
317915.00,2019-07-02 21:31:41.915,0.00,1448.31,0.00,1.51,0.00,1.00,1.00,548.74,3.14,12.84,59.69,55.38,-15.27,24.18,-0.28,-0.03,17.00,5633.84,-75.00,0.00,0.00
318015.00,2019-07-02 21:31:42.015,0.00,1448.31,0.00,1.51,0.00,1.00,1.00,548.74,3.14,12.90,59.77,55.38,-15.27,24.18,-0.28,-0.03,17.00,5633.84,-75.00,0.00,0.00
318115.00,2019-07-02 21:31:42.115,0.00,1448.31,0.00,1.51,0.00,1.00,1.00,548.74,3.14,12.80,59.77,55.38,-15.27,24.34,-0.28,-0.03,17.00,5633.84,-75.00,0.00,0.00
318215.00,2019-07-02 21:31:42.215,0.00,1448.31,0.00,1.51,0.00,1.00,1.00,548.74,3.14,12.91,59.80,55.36,-15.27,24.34,-0.29,-0.03,17.00,5633.84,-75.00,0.00,0.00
318315.00,2019-07-02 21:31:42.315,0.00,1448.31,0.00,1.51,0.00,1.00,1.00,548.74,3.14,12.91,59.80,55.36,-15.13,24.34,-0.29,-0.03,17.00,5633.84,-75.00,0.00,0.00
318415.00,2019-07-02 21:31:42.415,0.00,1448.31,0.00,1.51,0.00,1.00,1.00,548.74,3.14,12.93,59.80,55.42,-15.13,24.34,-0.26,-0.03,17.00,5633.84,-75.00,0.00,0.00
318515.00,2019-07-02 21:31:42.515,0.00,1448.31,0.00,1.51,0.00,1.00,1.00,548.74,3.14,12.93,59.79,55.42,-15.13,24.27,-0.31,-0.04,17.00,5633.84,-75.00,0.00,0.00
318615.00,2019-07-02 21:31:42.615,0.00,1448.31,0.00,1.51,0.00,1.00,1.00,548.74,3.14,12.86,59.79,55.42,-15.25,24.27,-0.28,-0.04,17.00,5633.84,-75.00,0.00,0.00
318715.00,2019-07-02 21:31:42.715,0.00,1448.31,0.00,1.51,0.00,1.00,1.00,548.74,3.14,12.78,59.79,55.38,-15.25,24.27,-0.29,-0.04,17.00,5633.84,-75.00,0.00,0.00
318815.00,2019-07-02 21:31:42.815,0.00,1448.31,0.00,1.51,0.00,1.00,1.00,548.74,3.14,12.85,59.73,55.38,-15.20,24.27,-0.28,-0.04,17.00,5633.84,-75.00,0.00,0.00
318915.00,2019-07-02 21:31:42.915,0.00,1448.31,0.00,1.51,0.00,1.00,1.00,548.74,3.14,12.83,59.73,55.35,-15.20,24.31,-0.26,-0.05,17.00,5633.84,-75.00,0.00,0.00
319015.00,2019-07-02 21:31:43.015,0.00,1448.31,0.00,1.51,0.00,1.00,1.00,548.74,3.14,12.79,59.78,55.35,-15.20,24.31,-0.29,-0.05,17.00,5633.84,-75.00,0.00,0.00
319115.00,2019-07-02 21:31:43.115,0.00,1448.31,0.00,1.51,0.00,1.00,1.00,548.74,3.14,12.93,59.78,55.35,-15.11,24.31,-0.24,-0.07,17.00,5633.84,-75.00,0.00,0.00
319215.00,2019-07-02 21:31:43.215,0.00,1448.31,0.00,1.51,0.00,1.00,1.00,548.74,3.14,12.84,59.78,55.41,-15.11,24.31,-0.29,-0.07,17.00,5633.84,-75.00,0.00,0.00
319315.00,2019-07-02 21:31:43.315,0.00,1448.31,0.00,1.51,0.00,1.00,1.00,548.74,3.14,12.77,59.74,55.41,-15.11,24.35,-0.30,-0.08,17.00,5633.84,-75.00,0.00,0.00
319415.00,2019-07-02 21:31:43.415,0.00,1448.31,0.00,1.51,0.00,1.00,1.00,548.74,3.14,12.94,59.74,55.50,-15.06,24.35,-0.28,-0.09,17.00,5633.84,-75.00,0.00,0.00
319515.00,2019-07-02 21:31:43.515,0.00,1448.31,0.00,1.51,0.00,1.00,1.00,548.74,3.14,12.87,59.83,55.50,-15.06,24.35,-0.28,-0.10,17.00,5633.84,-75.00,0.00,0.00
319615.00,2019-07-02 21:31:43.615,0.00,1448.31,0.00,1.51,0.00,1.00,1.00,548.74,3.14,12.74,59.83,55.50,-15.10,24.35,-0.26,-0.11,17.00,5633.84,-75.00,0.00,0.00
319715.00,2019-07-02 21:31:43.715,0.00,1448.31,0.00,1.51,0.00,1.00,1.00,548.74,3.14,12.95,59.83,55.41,-15.10,24.35,-0.31,-0.12,17.00,5633.84,-75.00,0.00,0.00
319815.00,2019-07-02 21:31:43.815,0.00,1448.31,0.00,1.51,0.00,1.00,1.00,548.74,3.14,12.86,59.77,55.41,-15.10,24.35,-0.28,-0.12,17.00,5633.84,-75.00,0.00,0.00
319915.00,2019-07-02 21:31:43.915,0.00,1448.31,0.00,1.51,0.00,1.00,1.00,548.74,3.14,12.94,59.77,55.35,-15.06,24.35,-0.27,-0.12,17.00,5633.84,-75.00,0.00,0.00
320015.00,2019-07-02 21:31:44.015,0.00,1448.31,0.00,1.51,0.00,1.00,1.00,548.74,3.14,12.90,59.77,55.35,-15.06,24.35,-0.30,-0.10,17.00,5633.84,-75.00,0.00,0.00
320115.00,2019-07-02 21:31:44.115,0.00,1448.31,0.00,1.51,0.00,1.00,1.00,548.74,3.14,12.76,59.77,55.35,-14.95,24.55,-0.27,-0.09,17.00,5633.84,-75.00,0.00,0.00
320215.00,2019-07-02 21:31:44.215,0.00,1448.31,0.00,1.51,0.00,1.00,1.00,548.74,3.14,12.91,59.77,55.45,-14.95,24.55,-0.28,-0.07,17.00,5633.84,-75.00,0.00,0.00
320315.00,2019-07-02 21:31:44.315,0.00,1448.31,0.00,1.51,0.00,1.00,1.00,548.74,3.14,12.92,59.76,55.45,-14.95,24.55,-0.29,-0.05,17.00,5633.84,-75.00,0.00,0.00
320415.00,2019-07-02 21:31:44.415,0.00,1448.31,0.00,1.51,0.00,1.00,1.00,548.74,3.14,12.94,59.76,55.42,-14.97,24.55,-0.29,-0.04,17.00,5633.84,-75.00,0.00,0.00
320515.00,2019-07-02 21:31:44.515,0.00,1448.31,0.00,1.51,0.00,1.00,1.00,548.74,3.14,12.72,59.76,55.42,-14.97,24.63,-0.29,-0.03,17.00,5633.84,-75.00,0.00,0.00
320615.00,2019-07-02 21:31:44.615,0.00,1448.31,0.00,1.51,0.00,1.00,1.00,548.74,3.14,12.91,59.83,55.42,-14.97,24.63,-0.28,-0.02,17.00,5633.84,-75.00,0.00,0.00
320715.00,2019-07-02 21:31:44.715,0.00,1448.31,0.00,1.51,0.00,1.00,1.00,548.74,3.14,12.96,59.83,55.38,-14.96,24.63,-0.28,-0.02,17.00,5633.84,-75.00,0.00,0.00
320815.00,2019-07-02 21:31:44.815,0.00,1448.31,0.00,1.51,0.00,1.00,1.00,548.74,3.14,12.68,59.78,55.38,-14.96,24.63,-0.25,-0.03,17.00,5633.84,-75.00,0.00,0.00
320915.00,2019-07-02 21:31:44.915,0.00,1448.31,0.00,1.51,0.00,1.00,1.00,548.74,3.14,12.93,59.78,55.38,-14.93,24.58,-0.30,-0.03,17.00,5633.84,-75.00,0.00,0.00
321015.00,2019-07-02 21:31:45.015,0.00,1448.31,0.00,1.51,0.00,1.00,1.00,548.74,3.14,12.93,59.78,55.38,-14.93,24.58,-0.28,-0.03,17.00,5633.84,-75.00,0.00,0.00
321115.00,2019-07-02 21:31:45.115,0.00,1448.31,0.00,1.51,0.00,1.00,1.00,548.74,3.14,12.70,59.78,55.38,-14.93,24.58,-0.27,-0.03,17.00,5633.84,-75.00,0.00,0.00
321215.00,2019-07-02 21:31:45.215,0.00,1448.31,0.00,1.51,0.00,1.00,1.00,548.74,3.14,12.93,59.78,55.32,-14.96,24.58,-0.28,-0.03,17.00,5633.84,-75.00,0.00,0.00
321315.00,2019-07-02 21:31:45.315,0.00,1448.31,0.00,1.51,0.00,1.00,1.00,548.74,3.14,12.92,59.78,55.32,-14.96,24.55,-0.27,-0.03,17.00,5633.84,-75.00,0.00,0.00
321415.00,2019-07-02 21:31:45.415,0.00,1448.31,0.00,1.51,0.00,1.00,1.00,548.74,3.14,12.74,59.84,55.40,-14.84,24.55,-0.31,-0.03,17.00,5633.84,-75.00,0.00,0.00
321515.00,2019-07-02 21:31:45.515,0.00,1448.31,0.00,1.51,0.00,1.00,1.00,548.74,3.14,12.95,59.84,55.40,-14.84,24.55,-0.26,-0.02,17.00,5633.84,-75.00,0.00,0.00
321615.00,2019-07-02 21:31:45.615,0.00,1448.31,0.00,1.51,0.00,1.00,1.00,548.74,3.14,12.94,59.84,55.40,-14.84,24.55,-0.28,-0.03,17.00,5633.84,-75.00,0.00,0.00
321715.00,2019-07-02 21:31:45.715,0.00,1448.31,0.00,1.51,0.00,1.00,1.00,548.74,3.14,12.75,59.84,55.40,-14.88,24.42,-0.28,-0.03,17.00,5633.84,-75.00,0.00,0.00
321815.00,2019-07-02 21:31:45.815,0.00,1448.31,0.00,1.51,0.00,1.00,1.00,548.74,3.14,12.88,59.84,55.40,-14.88,24.42,-0.28,-0.02,17.00,5633.84,-75.00,0.00,0.00
321915.00,2019-07-02 21:31:45.915,0.00,1448.31,0.00,1.51,0.00,1.00,1.00,548.74,3.14,12.95,59.78,55.35,-14.88,24.42,-0.29,-0.03,17.00,5633.84,-75.00,0.00,0.00
322015.00,2019-07-02 21:31:46.015,0.00,1448.31,0.00,1.51,0.00,1.00,1.00,548.74,3.14,12.77,59.78,55.35,-14.86,24.42,-0.27,-0.03,17.00,5633.84,-75.00,0.00,0.00
322115.00,2019-07-02 21:31:46.115,0.00,1448.31,0.00,1.51,0.00,1.00,1.00,548.74,3.14,12.91,59.80,55.35,-14.86,24.47,-0.31,-0.03,17.00,5633.84,-75.00,0.00,0.00
322215.00,2019-07-02 21:31:46.215,0.00,1448.31,0.00,1.51,0.00,1.00,1.00,548.74,3.14,12.92,59.80,55.34,-14.77,24.47,-0.28,-0.03,17.00,5633.84,-75.00,0.00,0.00
322315.00,2019-07-02 21:31:46.315,0.00,1448.31,0.00,1.51,0.00,1.00,1.00,548.74,3.14,12.80,59.80,55.34,-14.77,24.47,-0.28,-0.03,17.00,5633.84,-75.00,0.00,0.00
322415.00,2019-07-02 21:31:46.415,0.00,1448.31,0.00,1.51,0.00,1.00,1.00,548.74,3.14,12.87,59.79,55.40,-14.77,24.47,-0.29,-0.03,17.00,5633.84,-75.00,0.00,0.00
322515.00,2019-07-02 21:31:46.515,0.00,1448.31,0.00,1.51,0.00,1.00,1.00,548.74,3.14,12.82,59.79,55.40,-14.86,24.38,-0.27,-0.02,17.00,5633.84,-75.00,0.00,0.00
322615.00,2019-07-02 21:31:46.615,0.00,1448.31,0.00,1.51,0.00,1.00,1.00,548.74,3.14,12.82,59.79,55.40,-14.86,24.38,-0.30,-0.03,17.00,5633.84,-75.00,0.00,0.00
322715.00,2019-07-02 21:31:46.715,0.00,1448.31,0.00,1.51,0.00,1.00,1.00,548.74,3.14,12.82,59.84,55.38,-14.82,24.38,-0.28,-0.02,17.00,5633.84,-75.00,0.00,0.00
322815.00,2019-07-02 21:31:46.815,0.00,1448.31,0.00,1.51,0.00,1.00,1.00,548.74,3.14,12.79,59.84,55.38,-14.82,24.38,-0.28,-0.03,17.00,5633.84,-75.00,0.00,0.00
322915.00,2019-07-02 21:31:46.915,0.00,1448.31,0.00,1.51,0.00,1.00,1.00,548.74,3.14,12.81,59.79,55.45,-14.82,24.38,-0.28,-0.02,17.00,5633.84,-75.00,0.00,0.00
323015.00,2019-07-02 21:31:47.015,0.00,1448.31,0.00,1.51,0.00,1.00,1.00,548.74,3.14,12.82,59.79,55.45,-14.73,24.38,-0.28,-0.02,17.00,5633.84,-75.00,0.00,0.00
323115.00,2019-07-02 21:31:47.115,0.00,1448.31,0.00,1.51,0.00,1.00,1.00,548.74,3.14,12.93,59.79,55.45,-14.73,24.38,-0.29,-0.02,17.00,5633.84,-75.00,0.00,0.00
323215.00,2019-07-02 21:31:47.215,0.00,1448.31,0.00,1.51,0.00,1.00,1.00,548.74,3.14,12.77,59.88,55.40,-14.73,24.38,-0.26,-0.03,17.00,5633.84,-75.00,0.00,0.00
323315.00,2019-07-02 21:31:47.315,0.00,1448.31,0.00,1.51,0.00,1.00,1.00,548.74,3.14,12.86,59.88,55.40,-14.74,24.24,-0.29,-0.03,17.00,5633.84,-75.00,0.00,0.00
323415.00,2019-07-02 21:31:47.415,0.00,1448.31,0.00,1.51,0.00,1.00,1.00,548.74,3.14,12.80,59.90,55.35,-14.74,24.24,-0.28,-0.03,17.00,5633.84,-75.00,0.00,0.00
323515.00,2019-07-02 21:31:47.515,0.00,1448.31,0.00,1.51,0.00,1.00,1.00,548.74,3.14,12.79,59.90,55.35,-14.70,24.24,-0.26,-0.03,17.00,5633.84,-75.00,0.00,0.00
323615.00,2019-07-02 21:31:47.615,0.00,1448.31,0.00,1.51,0.00,1.00,1.00,548.74,3.14,12.90,59.90,55.35,-14.70,24.24,-0.28,-0.03,17.00,5633.84,-75.00,0.00,0.00
323715.00,2019-07-02 21:31:47.715,0.00,1448.31,0.00,1.51,0.00,1.00,1.00,548.74,3.14,12.86,59.88,55.38,-14.70,24.22,-0.28,-0.03,17.00,5633.84,-75.00,0.00,0.00
323815.00,2019-07-02 21:31:47.815,0.00,1448.31,0.00,1.51,0.00,1.00,1.00,548.74,3.14,12.88,59.88,55.38,-14.68,24.22,-0.29,-0.03,17.00,5633.84,-75.00,0.00,0.00
323915.00,2019-07-02 21:31:47.915,0.00,1448.31,0.00,1.51,0.00,1.00,1.00,548.74,3.14,12.91,59.88,55.36,-14.68,24.22,-0.28,-0.03,17.00,5633.84,-75.00,0.00,0.00
324015.00,2019-07-02 21:31:48.015,0.00,1448.31,0.00,1.51,0.00,1.00,1.00,548.74,3.14,12.88,59.84,55.36,-14.68,24.22,-0.28,-0.03,17.00,5633.84,-75.00,0.00,0.00
324115.00,2019-07-02 21:31:48.115,0.00,1448.31,0.00,1.51,0.00,1.00,1.00,548.74,3.14,12.94,59.84,55.36,-14.68,24.19,-0.28,-0.03,17.00,5633.84,-75.00,0.00,0.00
324215.00,2019-07-02 21:31:48.215,0.00,1448.31,0.00,1.51,0.00,1.00,1.00,548.74,3.14,12.93,59.78,55.42,-14.68,24.19,-0.28,-0.03,17.00,5633.84,-75.00,0.00,0.00
324315.00,2019-07-02 21:31:48.315,0.00,1448.31,0.00,1.51,0.00,1.00,1.00,548.74,3.14,12.87,59.78,55.42,-14.66,24.19,-0.30,-0.04,17.00,5633.84,-75.00,0.00,0.00
324415.00,2019-07-02 21:31:48.415,0.00,1448.31,0.00,1.51,0.00,1.00,1.00,548.74,3.14,12.76,59.78,55.30,-14.66,24.19,-0.27,-0.04,17.00,5633.84,-75.00,0.00,0.00
324515.00,2019-07-02 21:31:48.515,0.00,1448.31,0.00,1.51,0.00,1.00,1.00,548.74,3.14,12.96,59.85,55.30,-14.66,24.02,-0.30,-0.05,17.00,5633.84,-75.00,0.00,0.00
324615.00,2019-07-02 21:31:48.615,0.00,1448.31,0.00,1.51,0.00,1.00,1.00,548.74,3.14,12.96,59.85,55.30,-14.58,24.02,-0.27,-0.06,17.00,5633.84,-75.00,0.00,0.00
324715.00,2019-07-02 21:31:48.715,0.00,1448.31,0.00,1.51,0.00,1.00,1.00,548.74,3.14,12.82,59.85,55.34,-14.58,24.02,-0.27,-0.07,17.00,5633.84,-75.00,0.00,0.00
324815.00,2019-07-02 21:31:48.815,0.00,1448.31,0.00,1.51,0.00,1.00,1.00,548.74,3.14,12.78,59.85,55.34,-14.54,24.02,-0.27,-0.08,17.00,5633.84,-75.00,0.00,0.00
324915.00,2019-07-02 21:31:48.915,0.00,1448.31,0.00,1.51,0.00,1.00,1.00,548.74,3.14,12.93,59.85,55.36,-14.54,24.02,-0.26,-0.10,17.00,5633.84,-75.00,0.00,0.00
325015.00,2019-07-02 21:31:49.015,0.00,1448.31,0.00,1.51,0.00,1.00,1.00,548.74,3.14,12.84,59.88,55.36,-14.54,24.02,-0.28,-0.10,17.00,5633.84,-75.00,0.00,0.00
325115.00,2019-07-02 21:31:49.115,0.00,1448.31,0.00,1.51,0.00,1.00,1.00,548.74,3.14,12.78,59.88,55.36,-14.52,24.02,-0.29,-0.11,17.00,5633.84,-75.00,0.00,0.00
325215.00,2019-07-02 21:31:49.215,0.00,1448.31,0.00,1.51,0.00,1.00,1.00,548.74,3.14,12.92,59.88,55.35,-14.52,24.02,-0.28,-0.12,17.00,5633.84,-75.00,0.00,0.00
325315.00,2019-07-02 21:31:49.315,0.00,1448.31,0.00,1.51,0.00,1.00,1.00,548.74,3.14,12.87,59.88,55.35,-14.45,23.91,-0.26,-0.12,17.00,5633.84,-75.00,0.00,0.00
325415.00,2019-07-02 21:31:49.415,0.00,1448.31,0.00,1.51,0.00,1.00,1.00,548.74,3.14,12.74,59.88,55.31,-14.45,23.91,-0.27,-0.12,17.00,5633.84,-75.00,0.00,0.00
325515.00,2019-07-02 21:31:49.515,0.00,1448.31,0.00,1.51,0.00,1.00,1.00,548.74,3.14,12.94,59.92,55.31,-14.45,23.91,-0.30,-0.12,17.00,5633.84,-75.00,0.00,0.00
325615.00,2019-07-02 21:31:49.615,0.00,1448.31,0.00,1.51,0.00,1.00,1.00,548.74,3.14,12.90,59.92,55.31,-14.40,23.91,-0.26,-0.11,17.00,5633.84,-75.00,0.00,0.00
325715.00,2019-07-02 21:31:49.715,0.00,1448.31,0.00,1.51,0.00,1.00,1.00,548.74,3.14,12.73,59.92,55.34,-14.40,23.91,-0.30,-0.09,17.00,5633.84,-75.00,0.00,0.00
325815.00,2019-07-02 21:31:49.815,0.00,1448.31,0.00,1.51,0.00,1.00,1.00,548.74,3.14,12.95,59.88,55.34,-14.40,23.91,-0.28,-0.08,17.00,5633.84,-75.00,0.00,0.00
325915.00,2019-07-02 21:31:49.915,0.00,1448.31,0.00,1.51,1.00,1.00,1.00,548.74,3.14,12.86,59.88,55.27,-14.48,23.91,-0.27,-0.08,23.00,5633.84,-75.00,1.00,0.00
326015.00,2019-07-02 21:31:50.015,0.00,1448.31,0.00,1.51,1.00,1.00,1.00,548.74,3.14,9.23,59.85,55.27,-14.48,23.91,-0.35,-0.09,23.00,5633.84,-75.00,1.00,0.00
326115.00,2019-07-02 21:31:50.115,0.00,1448.31,0.00,1.51,1.00,1.00,1.00,548.74,3.14,11.60,59.85,55.27,-14.41,23.98,-0.36,-0.07,23.00,5633.84,-75.00,1.00,0.00
326215.00,2019-07-02 21:31:50.215,0.00,1448.31,0.54,1.51,1.00,1.00,1.00,547.65,3.14,11.51,59.85,55.36,-14.41,23.98,-0.35,-0.07,23.00,7000.00,-20.00,1.00,0.00
326315.00,2019-07-02 21:31:50.315,0.00,1448.31,1179.99,1.51,1.00,1.00,1.00,546.56,3.15,11.91,59.88,55.36,-14.41,23.98,-0.32,-0.06,23.00,7000.00,-41.00,1.00,0.00
326415.00,2019-07-02 21:31:50.415,0.00,1448.31,1500.07,1.51,0.00,1.00,1.00,544.39,3.16,12.71,59.88,55.24,-14.36,23.98,-0.28,-0.03,21.00,6999.85,-52.00,1.00,0.00
326515.00,2019-07-02 21:31:50.515,1.74,1448.42,1680.58,1.51,0.00,1.00,1.00,543.40,3.17,12.82,59.88,55.24,-14.36,23.99,-0.28,-0.05,21.00,6646.99,-55.00,1.00,0.00
326615.00,2019-07-02 21:31:50.615,1.74,1448.42,1709.96,1.51,0.00,1.00,1.00,542.38,3.17,12.64,59.86,55.24,-16.51,23.99,-0.28,-0.02,21.00,6589.55,-55.00,1.00,0.00
326715.00,2019-07-02 21:31:50.715,1.74,1448.42,1756.00,1.51,0.00,1.00,1.00,540.38,3.18,12.83,59.86,55.30,-16.51,23.99,-0.28,-0.00,21.00,6469.20,-56.00,1.00,0.00
326815.00,2019-07-02 21:31:50.815,1.74,1448.42,1760.31,1.51,0.00,1.00,1.00,539.39,3.19,12.85,59.81,55.30,-16.51,23.99,-0.27,-0.01,21.00,6439.04,-56.00,1.00,0.00
326915.00,2019-07-02 21:31:50.915,0.00,1448.42,1784.76,1.51,0.00,1.00,1.00,537.45,3.20,12.68,59.81,55.27,-25.83,23.94,-0.34,-0.00,21.00,6267.62,-58.00,1.00,0.00
327015.00,2019-07-02 21:31:51.015,1.85,1448.54,1784.81,1.51,0.00,1.00,1.00,536.54,3.21,12.85,59.81,55.27,-25.83,23.94,-0.29,0.00,21.00,6267.25,-58.00,1.00,0.00
327115.00,2019-07-02 21:31:51.115,1.85,1448.54,1779.52,1.51,0.00,1.00,1.00,534.64,3.22,12.83,59.92,55.27,-25.83,23.94,-0.27,-0.01,21.00,6304.36,-58.00,1.00,0.00
327215.00,2019-07-02 21:31:51.215,1.85,1448.54,1779.25,1.51,0.00,1.00,1.00,533.69,3.22,12.85,59.92,55.29,-37.11,23.94,-0.30,-0.02,21.00,6306.20,-58.00,1.00,0.00
327315.00,2019-07-02 21:31:51.315,1.63,1448.66,1764.73,1.51,0.00,1.00,1.00,531.82,3.24,12.83,59.84,55.29,-37.11,23.89,-0.28,-0.01,21.00,6408.01,-56.00,1.00,0.00
327415.00,2019-07-02 21:31:51.415,1.63,1448.66,1765.90,1.50,0.00,1.00,1.00,530.87,3.24,12.85,59.84,55.27,-47.91,23.89,-0.30,-0.02,21.00,6399.81,-56.00,1.00,0.00
327515.00,2019-07-02 21:31:51.515,1.98,1448.77,1777.57,1.51,0.00,1.00,1.00,529.03,3.25,12.78,59.84,55.27,-47.91,23.89,-0.29,-0.03,21.00,6318.03,-57.00,1.00,0.00
327615.00,2019-07-02 21:31:51.615,2.33,1448.89,1776.44,1.47,0.00,1.00,1.00,528.14,3.26,12.81,59.79,55.27,-47.91,23.89,-0.28,-0.04,21.00,6325.96,-57.00,1.00,0.00
327715.00,2019-07-02 21:31:51.715,2.33,1448.89,1775.86,1.37,0.00,1.00,1.00,526.28,3.27,12.87,59.79,55.35,-57.80,23.85,-0.28,-0.03,21.00,6330.02,-57.00,1.00,0.00
327815.00,2019-07-02 21:31:51.815,2.64,1449.01,1781.31,1.34,0.00,1.00,1.00,525.40,3.28,12.85,59.79,55.35,-57.80,23.85,-0.27,-0.04,21.00,6291.76,-58.00,1.00,0.00
327915.00,2019-07-02 21:31:51.915,2.91,1449.12,1760.15,1.35,0.00,1.00,1.00,523.60,3.29,12.83,59.97,55.22,-67.98,23.85,-0.29,-0.04,21.00,6440.13,-56.00,1.00,0.00
328015.00,2019-07-02 21:31:52.015,3.18,1449.24,1760.67,1.32,0.00,1.00,1.00,522.71,3.29,12.86,59.97,55.22,-67.98,23.85,-0.25,-0.03,21.00,6436.50,-56.00,1.00,0.00
328115.00,2019-07-02 21:31:52.115,3.40,1449.24,1763.46,1.30,0.00,1.00,1.00,520.88,3.31,12.82,59.91,55.22,-67.98,23.65,-0.31,-0.04,21.00,6416.92,-56.00,1.00,0.00
328215.00,2019-07-02 21:31:52.215,3.66,1449.36,1750.04,1.30,0.00,1.00,1.00,520.00,3.31,12.87,59.91,55.18,-77.00,23.65,-0.28,-0.05,21.00,6511.02,-56.00,1.00,0.00
328315.00,2019-07-02 21:31:52.315,3.89,1449.48,1757.47,1.29,0.00,1.00,1.00,518.20,3.32,12.83,59.91,55.18,-77.00,23.65,-0.27,-0.03,21.00,6458.92,-56.00,1.00,0.00
328415.00,2019-07-02 21:31:52.415,4.12,1449.59,1751.98,1.26,0.00,1.00,1.00,517.33,3.33,12.88,59.90,55.29,-77.00,23.65,-0.29,-0.01,21.00,6497.41,-56.00,1.00,0.00
328515.00,2019-07-02 21:31:52.515,4.35,1449.83,1745.30,1.25,0.00,1.00,1.00,516.50,3.34,12.87,59.90,55.29,-86.23,23.69,-0.28,-0.02,21.00,6520.46,-56.00,1.00,0.00
328615.00,2019-07-02 21:31:52.615,4.56,1449.94,1752.34,1.22,0.00,1.00,1.00,514.72,3.35,12.82,59.92,55.29,-86.23,23.69,-0.29,-0.01,21.00,6494.90,-56.00,1.00,0.00
328715.00,2019-07-02 21:31:52.715,4.74,1450.06,1744.46,1.19,0.00,1.00,1.00,513.86,3.35,12.88,59.92,55.20,-94.81,23.69,-0.28,-0.00,21.00,6522.10,-56.00,1.00,0.00
328815.00,2019-07-02 21:31:52.815,4.94,1450.18,1752.39,1.17,0.00,1.00,1.00,512.10,3.36,12.85,59.92,55.20,-94.81,23.69,-0.28,0.00,21.00,6494.54,-56.00,1.00,0.00
328915.00,2019-07-02 21:31:52.915,5.28,1450.41,1756.70,1.16,0.00,1.00,1.00,511.30,3.37,12.85,59.83,55.29,-94.81,23.49,-0.28,-0.03,21.00,6464.33,-56.00,1.00,0.00
329015.00,2019-07-02 21:31:53.015,5.43,1450.53,1743.17,1.16,0.00,1.00,1.00,509.55,3.38,12.83,59.83,55.29,-103.02,23.49,-0.27,-0.04,21.00,6524.63,-56.00,1.00,0.00
329115.00,2019-07-02 21:31:53.115,5.71,1450.65,1740.21,1.17,0.00,1.00,1.00,508.71,3.39,12.87,59.83,55.29,-103.02,23.49,-0.29,-0.05,21.00,6530.41,-56.00,1.00,0.00
329215.00,2019-07-02 21:31:53.215,5.90,1450.88,1743.40,1.14,0.00,1.00,1.00,507.02,3.40,12.82,59.85,55.27,-110.97,23.49,-0.26,-0.06,21.00,6524.18,-56.00,1.00,0.00
329315.00,2019-07-02 21:31:53.315,6.13,1451.00,1740.67,1.12,0.00,1.00,1.00,506.18,3.41,12.83,59.85,55.27,-110.97,23.52,-0.28,-0.10,21.00,6529.52,-56.00,1.00,0.00
329415.00,2019-07-02 21:31:53.415,6.33,1451.23,1749.48,1.12,0.00,1.00,1.00,504.53,3.42,12.88,59.81,55.13,-110.97,23.52,-0.28,-0.05,21.00,6512.31,-56.00,1.00,0.00
329515.00,2019-07-02 21:31:53.515,6.60,1451.47,1753.67,1.11,0.00,1.00,1.00,503.74,3.42,12.85,59.81,55.13,-117.80,23.52,-0.29,-0.03,21.00,6485.57,-56.00,1.00,0.00
329615.00,2019-07-02 21:31:53.615,6.85,1451.58,1766.47,1.10,0.00,1.00,1.00,502.93,3.43,12.86,59.81,55.13,-117.80,23.52,-0.28,-0.03,21.00,6395.81,-56.00,1.00,0.00
329715.00,2019-07-02 21:31:53.715,6.99,1451.82,1811.57,1.09,0.00,1.00,1.00,501.36,3.44,12.87,59.83,55.22,-117.80,23.47,-0.27,0.00,21.00,6079.68,-59.00,1.00,0.00
329815.00,2019-07-02 21:31:53.815,7.27,1452.05,1852.05,1.04,0.00,1.00,1.00,499.88,3.45,12.85,59.83,55.22,-125.07,23.47,-0.27,-0.01,21.00,5795.88,-62.00,1.00,0.00
329915.00,2019-07-02 21:31:53.915,7.53,1452.28,1861.45,1.08,0.00,1.00,1.00,499.20,3.46,12.85,59.79,55.20,-125.07,23.47,-0.29,-0.03,21.00,5730.02,-62.00,1.00,0.00
330015.00,2019-07-02 21:31:54.015,7.77,1452.52,1892.24,1.10,0.00,1.00,1.00,497.78,3.47,12.84,59.79,55.20,-132.27,23.47,-0.27,-0.01,21.00,5514.17,-64.00,1.00,0.00
330115.00,2019-07-02 21:31:54.115,7.98,1452.75,1934.02,1.13,0.00,1.00,1.00,497.16,3.47,12.89,59.79,55.20,-132.27,23.36,-0.28,-0.04,21.00,5221.28,-66.00,1.00,0.00
330215.00,2019-07-02 21:31:54.215,8.18,1452.99,1946.50,1.13,0.00,1.00,1.00,495.87,3.48,12.83,59.72,55.23,-132.27,23.36,-0.26,-0.01,21.00,5133.75,-67.00,1.00,0.00
330315.00,2019-07-02 21:31:54.315,8.41,1453.22,2032.62,1.13,0.00,1.00,1.00,494.62,3.49,12.85,59.72,55.23,-140.41,23.36,-0.27,-0.00,21.00,4931.14,-71.00,1.00,0.00
330415.00,2019-07-02 21:31:54.415,8.70,1453.45,2064.09,1.17,0.00,1.00,1.00,494.02,3.50,12.89,59.72,55.20,-140.41,23.36,-0.26,-0.02,21.00,5097.43,-72.00,1.00,0.00
330515.00,2019-07-02 21:31:54.515,8.87,1453.69,2066.97,1.22,0.00,1.00,1.00,492.76,3.51,12.83,59.79,55.20,-148.77,23.43,-0.29,-0.02,21.00,5112.65,-72.00,1.00,0.00
330615.00,2019-07-02 21:31:54.615,9.19,1454.04,2137.21,1.25,0.00,1.00,1.00,491.47,3.52,12.87,59.79,55.20,-148.77,23.43,-0.29,-0.02,21.00,5483.85,-73.00,1.00,0.00
330715.00,2019-07-02 21:31:54.715,9.40,1454.27,2153.97,1.28,0.00,1.00,1.00,490.11,3.53,12.83,59.76,55.17,-148.77,23.43,-0.28,-0.00,21.00,5572.44,-73.00,1.00,0.00
330815.00,2019-07-02 21:31:54.815,9.58,1454.51,2167.86,1.25,0.00,1.00,1.00,489.47,3.53,12.88,59.76,55.17,-156.18,23.43,-0.28,-0.04,21.00,5645.86,-74.00,1.00,0.00
330915.00,2019-07-02 21:31:54.915,9.92,1454.86,2253.82,1.23,0.00,1.00,1.00,488.07,3.54,12.86,59.76,55.17,-156.18,23.37,-0.27,-0.03,21.00,6070.65,-75.00,1.00,0.00
331015.00,2019-07-02 21:31:55.015,10.12,1455.09,2281.33,1.25,0.00,1.00,1.00,486.63,3.55,12.86,59.71,55.17,-156.18,23.37,-0.31,-0.00,21.00,6003.90,-76.00,1.00,0.00
331115.00,2019-07-02 21:31:55.115,10.48,1455.44,2372.01,1.22,0.00,1.00,1.00,485.28,3.56,12.90,59.71,55.17,-165.48,23.37,-0.28,-0.03,21.00,5783.81,-77.00,1.00,0.00
331215.00,2019-07-02 21:31:55.215,10.76,1455.68,2420.82,1.22,0.00,1.00,1.00,483.94,3.57,12.84,59.65,55.15,-165.48,23.37,-0.27,-0.02,21.00,5665.36,-78.00,1.00,0.00
331315.00,2019-07-02 21:31:55.315,11.02,1456.03,2423.75,1.18,0.00,1.00,1.00,482.64,3.58,12.88,59.65,55.15,-176.16,23.32,-0.29,-0.01,21.00,5658.24,-78.00,1.00,0.00
331415.00,2019-07-02 21:31:55.415,11.27,1456.38,2507.05,1.18,0.00,1.00,1.00,481.38,3.59,12.86,59.65,55.22,-176.16,23.32,-0.29,-0.03,21.00,5482.16,-80.00,1.00,0.00
331515.00,2019-07-02 21:31:55.515,11.63,1456.73,2561.75,1.16,0.00,1.00,1.00,480.13,3.60,12.86,59.72,55.22,-176.16,23.32,-0.30,-0.03,21.00,5551.70,-81.00,1.00,0.00
331615.00,2019-07-02 21:31:55.615,11.94,1457.08,2655.69,1.16,0.00,1.00,1.00,478.18,3.62,12.86,59.72,55.22,-189.63,23.32,-0.25,-0.02,21.00,5671.14,-82.00,1.00,0.00
331715.00,2019-07-02 21:31:55.715,12.26,1457.43,2700.63,1.20,0.00,1.00,1.00,476.91,3.63,12.84,59.72,55.15,-189.63,23.20,-0.30,-0.01,21.00,5728.28,-83.00,1.00,0.00
331815.00,2019-07-02 21:31:55.815,12.60,1457.79,2727.71,1.26,0.00,1.00,1.00,475.63,3.64,12.87,59.71,55.15,-199.92,23.20,-0.28,-0.00,21.00,5762.70,-84.00,1.00,0.00
331915.00,2019-07-02 21:31:55.915,12.83,1458.14,2803.74,1.28,0.00,1.00,1.00,473.67,3.66,12.85,59.71,55.15,-199.92,23.20,-0.28,-0.03,21.00,5776.57,-85.00,1.00,0.00
332015.00,2019-07-02 21:31:56.015,13.21,1458.49,2894.71,1.26,0.00,1.00,1.00,472.41,3.67,12.88,59.65,55.15,-199.92,23.20,-0.29,-0.02,21.00,5752.06,-87.00,1.00,0.00
332115.00,2019-07-02 21:31:56.115,13.59,1458.96,2948.77,1.26,0.00,1.00,1.00,471.21,3.68,12.86,59.65,55.15,-199.92,23.14,-0.27,-0.02,21.00,5737.50,-88.00,1.00,0.00
332215.00,2019-07-02 21:31:56.215,13.87,1459.31,3020.62,1.28,0.00,1.00,1.00,469.30,3.69,12.82,59.65,55.25,-199.92,23.14,-0.30,-0.03,21.00,5719.42,-89.00,1.00,0.00
332315.00,2019-07-02 21:31:56.315,14.23,1459.77,3056.39,1.24,0.00,1.00,1.00,468.12,3.71,12.88,59.66,55.25,-199.92,23.14,-0.31,-0.04,21.00,5711.99,-90.00,1.00,0.00
332415.00,2019-07-02 21:31:56.415,14.57,1460.13,3153.08,1.24,0.00,1.00,1.00,466.25,3.72,12.85,59.66,55.15,-199.92,23.14,-0.29,-0.03,21.00,5691.92,-91.00,1.00,0.00
332515.00,2019-07-02 21:31:56.515,14.96,1460.59,3251.68,1.25,0.00,1.00,1.00,464.43,3.74,12.77,59.65,55.15,-199.92,23.09,-0.28,-0.02,21.00,5669.75,-93.00,1.00,0.00
332615.00,2019-07-02 21:31:56.615,15.38,1461.06,3345.88,1.26,0.00,1.00,1.00,462.66,3.75,12.86,59.65,55.15,-199.92,23.09,-0.27,-0.04,21.00,5554.42,-95.00,1.00,0.00
332715.00,2019-07-02 21:31:56.715,15.73,1461.53,3352.89,1.25,0.00,1.00,1.00,461.55,3.76,12.86,59.65,55.18,-199.92,23.09,-0.30,-0.01,21.00,5545.83,-95.00,1.00,0.00
332815.00,2019-07-02 21:31:56.815,16.10,1462.00,3430.24,1.25,0.00,1.00,1.00,459.83,3.78,12.85,59.63,55.18,-199.92,23.09,-0.26,-0.02,21.00,5451.13,-96.00,1.00,0.00
332915.00,2019-07-02 21:31:56.915,16.45,1462.47,3552.71,1.25,0.00,1.00,1.00,458.15,3.79,12.84,59.63,55.23,-199.92,23.16,-0.27,-0.03,21.00,5365.79,-98.00,1.00,0.00
333015.00,2019-07-02 21:31:57.015,16.84,1462.93,3601.33,1.23,0.00,1.00,1.00,456.49,3.81,12.89,59.63,55.23,-199.92,23.16,-0.30,-0.04,21.00,5365.86,-99.00,1.00,0.00
333115.00,2019-07-02 21:31:57.115,17.18,1463.40,3641.33,1.29,0.00,1.00,1.00,454.85,3.82,12.81,59.72,55.23,-199.92,23.16,-0.27,-0.09,21.00,5365.92,-100.00,1.00,0.00
333215.00,2019-07-02 21:31:57.215,17.48,1463.87,3754.46,1.29,0.00,1.00,1.00,453.22,3.84,12.87,59.72,55.18,-199.92,23.16,-0.29,-0.03,21.00,5364.89,-102.00,1.00,0.00
333315.00,2019-07-02 21:31:57.315,17.93,1464.46,3847.51,1.30,0.00,1.00,1.00,451.64,3.85,12.88,59.71,55.18,-199.92,23.08,-0.27,-0.02,21.00,5340.30,-104.00,1.00,0.00
333415.00,2019-07-02 21:31:57.415,18.12,1464.92,3381.71,1.32,0.00,1.00,1.00,449.45,3.87,12.86,59.71,55.23,-199.92,23.08,-0.30,-0.05,21.00,5510.55,-95.00,1.00,0.00
333515.00,2019-07-02 21:31:57.515,17.84,1465.39,3110.74,1.33,0.00,1.00,1.00,448.37,3.88,12.88,59.71,55.23,-199.92,23.08,-0.28,-0.02,21.00,5700.71,-90.00,1.00,0.00
333615.00,2019-07-02 21:31:57.615,17.80,1465.86,2830.99,1.51,0.00,1.00,1.00,446.69,3.90,12.86,59.76,55.23,-199.92,23.08,-0.29,-0.01,21.00,5769.23,-85.00,1.00,0.00
333715.00,2019-07-02 21:31:57.715,17.76,1466.45,2627.89,1.51,0.00,2.00,1.00,445.69,3.91,12.82,59.76,55.22,-199.92,22.99,-0.28,-0.03,21.00,5426.84,-82.00,1.00,0.00
333815.00,2019-07-02 21:31:57.815,17.69,1466.91,2408.33,1.51,0.00,2.00,1.00,444.69,3.92,12.74,59.79,55.22,-199.92,22.99,-0.28,-0.01,21.00,5357.38,-78.00,1.00,0.00
333915.00,2019-07-02 21:31:57.915,17.82,1467.38,1961.65,1.51,0.00,2.00,1.00,443.99,3.93,12.87,59.79,55.18,-199.92,22.99,-0.29,-0.07,21.00,8508.11,-68.00,1.00,0.00
334015.00,2019-07-02 21:31:58.015,17.83,1467.85,1676.94,1.51,0.00,2.00,1.00,442.71,3.94,12.89,59.79,55.18,-199.92,22.99,-0.25,-0.03,21.00,7000.00,-55.00,1.00,0.00
334115.00,2019-07-02 21:31:58.115,17.95,1468.44,2094.42,1.51,0.00,2.00,1.00,442.15,3.95,12.72,59.88,55.18,-199.92,23.20,-0.28,-0.03,21.00,7452.58,-72.00,1.00,0.00
334215.00,2019-07-02 21:31:58.215,18.01,1468.90,1995.48,1.51,0.00,2.00,1.00,440.81,3.96,12.91,59.88,55.13,-199.92,23.20,-0.28,-0.01,21.00,8749.14,-69.00,1.00,0.00
334315.00,2019-07-02 21:31:58.315,18.13,1469.37,2160.53,1.51,0.00,2.00,1.00,439.50,3.97,12.86,59.88,55.13,-199.92,23.20,-0.27,-0.02,21.00,6522.34,-73.00,1.00,0.00
334415.00,2019-07-02 21:31:58.415,18.21,1469.96,2087.83,1.41,0.00,2.00,1.00,438.16,3.99,12.89,59.86,55.20,-199.92,23.20,-0.31,-0.02,21.00,7545.40,-72.00,1.00,0.00
334515.00,2019-07-02 21:31:58.515,18.33,1470.42,2108.63,1.33,0.00,2.00,1.00,437.59,3.99,12.87,59.86,55.20,-199.92,23.58,-0.26,-0.02,21.00,7252.67,-72.00,1.00,0.00
334615.00,2019-07-02 21:31:58.615,18.47,1470.89,2119.92,1.36,0.00,2.00,1.00,436.31,4.01,12.87,60.00,55.20,-199.92,23.58,-0.30,-0.01,21.00,7093.83,-73.00,1.00,0.00
334715.00,2019-07-02 21:31:58.715,18.57,1471.48,2133.52,1.32,0.00,2.00,1.00,435.11,4.02,12.90,60.00,55.22,-199.92,23.58,-0.28,-0.02,21.00,6902.35,-73.00,1.00,0.00
334815.00,2019-07-02 21:31:58.815,18.62,1471.95,2135.95,1.28,0.00,2.00,1.00,433.92,4.03,12.85,60.00,55.22,-199.92,23.58,-0.28,-0.00,21.00,6868.15,-73.00,1.00,0.00
334915.00,2019-07-02 21:31:58.915,18.78,1472.53,2127.81,1.18,0.00,2.00,1.00,433.42,4.04,12.90,59.97,55.18,-199.92,23.67,-0.28,-0.03,21.00,6982.74,-73.00,1.00,0.00
335015.00,2019-07-02 21:31:59.015,18.91,1473.00,2177.11,1.17,0.00,2.00,1.00,432.31,4.05,12.88,59.97,55.18,-199.92,23.67,-0.28,-0.01,21.00,6289.00,-74.00,1.00,0.00
335115.00,2019-07-02 21:31:59.115,19.01,1473.58,2155.02,1.17,0.00,2.00,1.00,431.22,4.06,12.88,59.98,55.18,-199.92,23.67,-0.30,-0.02,21.00,6599.87,-73.00,1.00,0.00
335215.00,2019-07-02 21:31:59.215,19.14,1474.05,2177.98,1.15,0.00,2.00,1.00,430.16,4.07,12.89,59.98,55.24,-199.92,23.67,-0.25,-0.02,21.00,6276.77,-74.00,1.00,0.00
335315.00,2019-07-02 21:31:59.315,19.31,1474.64,2193.26,1.13,0.00,2.00,1.00,429.17,4.08,12.84,59.98,55.24,-199.92,23.67,-0.28,-0.02,21.00,6061.65,-74.00,1.00,0.00
335415.00,2019-07-02 21:31:59.415,19.40,1475.22,2213.74,1.12,0.00,2.00,1.00,428.78,4.09,12.91,60.00,55.18,-199.92,23.67,-0.30,-0.02,21.00,5773.54,-74.00,1.00,0.00
335515.00,2019-07-02 21:31:59.515,19.53,1475.69,2197.16,1.12,0.00,2.00,1.00,427.79,4.10,12.87,60.00,55.18,-199.92,23.67,-0.28,-0.03,21.00,6006.84,-74.00,1.00,0.00
335615.00,2019-07-02 21:31:59.615,19.71,1476.28,2243.54,1.12,0.00,2.00,1.00,426.89,4.11,12.90,60.00,55.18,-199.92,23.67,-0.28,-0.01,21.00,5354.18,-75.00,1.00,0.00
335715.00,2019-07-02 21:31:59.715,19.81,1476.86,2238.89,1.13,0.00,2.00,1.00,426.00,4.12,12.88,59.95,55.25,-199.92,23.56,-0.27,-0.04,21.00,5419.57,-75.00,1.00,0.00
335815.00,2019-07-02 21:31:59.815,19.91,1477.45,2256.02,1.15,0.00,2.00,1.00,425.15,4.13,12.87,59.95,55.25,-199.92,23.56,-0.30,-0.03,21.00,5266.80,-75.00,1.00,0.00
335915.00,2019-07-02 21:31:59.915,20.07,1477.92,2258.48,1.19,0.00,2.00,1.00,424.25,4.14,12.90,59.92,55.24,-199.92,23.56,-0.30,-0.03,21.00,5268.26,-75.00,1.00,0.00
336015.00,2019-07-02 21:32:00.015,20.15,1478.50,2280.16,1.22,0.00,2.00,1.00,423.41,4.15,12.87,59.92,55.24,-199.92,23.56,-0.27,-0.01,21.00,5281.15,-76.00,1.00,0.00
336115.00,2019-07-02 21:32:00.115,20.27,1479.09,2266.42,1.21,0.00,2.00,1.00,422.57,4.16,12.88,59.92,55.24,-199.92,23.38,-0.28,-0.00,21.00,5272.98,-75.00,1.00,0.00
336215.00,2019-07-02 21:32:00.215,20.43,1479.67,2307.96,1.20,0.00,2.00,1.00,421.74,4.17,12.88,59.88,55.27,-199.92,23.38,-0.28,-0.01,21.00,5297.69,-76.00,1.00,0.00
336315.00,2019-07-02 21:32:00.315,20.58,1480.26,2294.50,1.24,0.00,2.00,1.00,421.41,4.17,12.88,59.88,55.27,-199.92,23.38,-0.30,-0.03,21.00,5289.68,-76.00,1.00,0.00
336415.00,2019-07-02 21:32:00.415,20.70,1480.84,2321.80,1.23,0.00,2.00,1.00,420.58,4.18,12.90,59.85,55.30,-199.92,23.38,-0.25,-0.02,21.00,5305.92,-76.00,1.00,0.00
336515.00,2019-07-02 21:32:00.515,20.80,1481.43,2301.50,1.23,0.00,2.00,1.00,419.75,4.19,12.87,59.85,55.30,-199.92,23.37,-0.29,-0.03,21.00,5293.84,-76.00,1.00,0.00
336615.00,2019-07-02 21:32:00.615,20.99,1482.01,2339.23,1.24,0.00,2.00,1.00,418.93,4.20,12.91,59.85,55.30,-199.92,23.37,-0.28,-0.02,21.00,5316.28,-77.00,1.00,0.00
336715.00,2019-07-02 21:32:00.715,21.12,1482.60,2332.86,1.26,0.00,2.00,1.00,418.11,4.21,12.88,59.88,55.34,-199.92,23.37,-0.27,-0.03,21.00,5312.50,-76.00,1.00,0.00
336815.00,2019-07-02 21:32:00.815,21.20,1483.18,2366.54,1.26,0.00,2.00,1.00,417.29,4.22,12.90,59.88,55.34,-199.92,23.37,-0.29,-0.03,21.00,5332.52,-77.00,1.00,0.00
336915.00,2019-07-02 21:32:00.915,21.39,1483.77,2360.86,1.24,0.00,2.00,1.00,416.47,4.23,12.89,59.88,55.35,-199.92,23.30,-0.27,-0.03,21.00,5329.15,-77.00,1.00,0.00
337015.00,2019-07-02 21:32:01.015,21.49,1484.35,2385.64,1.27,0.00,2.00,1.00,415.66,4.24,12.87,59.84,55.35,-199.92,23.30,-0.31,-0.02,21.00,5343.88,-77.00,1.00,0.00
337115.00,2019-07-02 21:32:01.115,21.61,1485.05,2381.00,1.25,0.00,2.00,1.00,414.88,4.25,12.91,59.84,55.35,-199.92,23.30,-0.28,-0.02,21.00,5341.12,-77.00,1.00,0.00
337215.00,2019-07-02 21:32:01.215,21.83,1485.64,2425.22,1.26,0.00,2.00,1.00,414.08,4.26,12.87,59.91,55.34,-199.92,23.30,-0.28,-0.03,21.00,5367.42,-78.00,1.00,0.00
337315.00,2019-07-02 21:32:01.315,21.96,1486.22,2411.53,1.25,0.00,2.00,1.00,413.27,4.27,12.90,59.91,55.34,-199.92,23.33,-0.28,-0.03,21.00,5359.28,-78.00,1.00,0.00
337415.00,2019-07-02 21:32:01.415,22.09,1486.81,2438.73,1.25,0.00,2.00,1.00,412.47,4.28,12.89,59.91,55.45,-199.92,23.33,-0.28,-0.03,21.00,5375.46,-78.00,1.00,0.00
337515.00,2019-07-02 21:32:01.515,22.23,1487.51,2451.38,1.26,0.00,2.00,1.00,411.70,4.29,12.88,59.90,55.45,-199.92,23.33,-0.30,-0.03,21.00,5382.98,-79.00,1.00,0.00
337615.00,2019-07-02 21:32:01.615,22.37,1488.10,2425.61,1.28,0.00,2.00,1.00,410.91,4.30,12.90,59.90,55.45,-199.92,23.33,-0.26,-0.02,21.00,5367.66,-78.00,1.00,0.00
337715.00,2019-07-02 21:32:01.715,22.53,1488.68,2502.45,1.28,0.00,2.00,1.00,410.11,4.31,12.87,59.90,55.45,-199.92,23.27,-0.28,-0.03,21.00,5412.18,-80.00,1.00,0.00
337815.00,2019-07-02 21:32:01.815,22.65,1489.38,2459.32,1.26,0.00,2.00,1.00,409.35,4.32,12.91,59.90,55.45,-199.92,23.27,-0.29,-0.02,21.00,5387.70,-79.00,1.00,0.00
337915.00,2019-07-02 21:32:01.915,22.76,1489.97,2512.19,1.24,0.00,2.00,1.00,408.56,4.33,12.88,59.90,55.40,-199.92,23.27,-0.28,-0.03,21.00,5413.32,-80.00,1.00,0.00
338015.00,2019-07-02 21:32:02.015,22.94,1490.67,2503.23,1.23,0.00,2.00,1.00,407.34,4.35,12.88,59.93,55.40,-199.92,23.27,-0.29,-0.03,21.00,5412.27,-80.00,1.00,0.00
338115.00,2019-07-02 21:32:02.115,23.01,1491.26,2525.04,1.22,0.00,2.00,1.00,406.55,4.36,12.86,59.93,55.40,-199.92,23.21,-0.26,-0.03,21.00,5414.82,-80.00,1.00,0.00
338215.00,2019-07-02 21:32:02.215,23.18,1491.96,2550.70,1.25,0.00,2.00,1.00,405.81,4.37,12.81,59.93,55.55,-199.92,23.21,-0.28,-0.03,21.00,5417.82,-80.00,1.00,0.00
338315.00,2019-07-02 21:32:02.315,23.35,1492.54,2555.97,1.23,0.00,2.00,1.00,405.03,4.38,12.91,59.84,55.55,-199.92,23.21,-0.30,-0.03,21.00,5418.44,-81.00,1.00,0.00
338415.00,2019-07-02 21:32:02.415,23.46,1493.25,2556.78,1.24,0.00,2.00,1.00,404.29,4.39,12.87,59.84,55.55,-199.92,23.21,-0.27,-0.02,21.00,5418.53,-81.00,1.00,0.00
338515.00,2019-07-02 21:32:02.515,23.62,1493.95,2575.83,1.25,0.00,2.00,1.00,403.56,4.40,12.91,59.90,55.55,-199.92,23.37,-0.29,-0.03,21.00,5420.76,-81.00,1.00,0.00
338615.00,2019-07-02 21:32:02.615,23.85,1494.53,2618.37,1.28,0.00,2.00,1.00,402.79,4.41,12.89,59.90,55.55,-199.92,23.37,-0.28,-0.02,21.00,5425.73,-82.00,1.00,0.00
338715.00,2019-07-02 21:32:02.715,23.96,1495.24,2561.37,1.25,0.00,2.00,1.00,402.06,4.42,12.89,59.90,55.63,-199.92,23.37,-0.30,-0.03,21.00,5419.07,-81.00,1.00,0.00
338815.00,2019-07-02 21:32:02.815,24.11,1495.94,2640.50,1.23,0.00,2.00,1.00,400.88,4.43,12.88,59.88,55.63,-199.92,23.37,-0.26,-0.01,21.00,5428.32,-82.00,1.00,0.00
338915.00,2019-07-02 21:32:02.915,24.31,1496.64,2635.97,1.23,0.00,2.00,1.00,400.16,4.44,12.86,59.88,55.63,-199.92,23.36,-0.29,-0.02,21.00,5427.79,-82.00,1.00,0.00
339015.00,2019-07-02 21:32:03.015,24.43,1497.34,2645.56,1.22,0.00,2.00,1.00,399.44,4.45,12.91,59.92,55.63,-199.92,23.36,-0.29,-0.03,21.00,5428.91,-82.00,1.00,0.00
339115.00,2019-07-02 21:32:03.115,24.58,1497.93,2683.36,1.23,0.00,2.00,1.00,398.69,4.46,12.88,59.92,55.63,-199.92,23.36,-0.27,-0.03,21.00,5433.33,-83.00,1.00,0.00
339215.00,2019-07-02 21:32:03.215,24.66,1498.63,2655.16,1.24,0.00,2.00,1.00,397.53,4.48,12.89,59.92,55.66,-199.92,23.36,-0.30,-0.04,21.00,5430.03,-82.00,1.00,0.00
339315.00,2019-07-02 21:32:03.315,24.81,1499.33,2713.89,1.25,0.00,2.00,1.00,396.82,4.49,12.82,59.83,55.66,-199.92,23.37,-0.27,-0.02,21.00,5436.89,-83.00,1.00,0.00
339415.00,2019-07-02 21:32:03.415,25.01,1500.03,2693.66,1.26,0.00,2.00,1.00,396.11,4.50,12.87,59.83,55.70,-199.92,23.37,-0.28,-0.02,21.00,5434.53,-83.00,1.00,0.00
339515.00,2019-07-02 21:32:03.515,25.13,1500.74,2716.71,1.25,0.00,2.00,1.00,395.41,4.51,12.91,59.83,55.70,-199.92,23.37,-0.28,-0.01,21.00,5437.22,-83.00,1.00,0.00
339615.00,2019-07-02 21:32:03.615,25.30,1501.44,2765.17,1.25,0.00,2.00,1.00,394.27,4.52,12.85,59.78,55.70,-199.92,23.37,-0.28,-0.02,21.00,5451.30,-84.00,1.00,0.00
339715.00,2019-07-02 21:32:03.715,25.48,1502.14,2728.39,1.27,0.00,2.00,1.00,393.58,4.53,12.89,59.78,55.81,-199.92,23.41,-0.29,-0.02,21.00,5438.59,-84.00,1.00,0.00
339815.00,2019-07-02 21:32:03.815,25.59,1502.96,2792.91,1.27,0.00,2.00,1.00,392.91,4.54,12.87,59.77,55.81,-199.92,23.41,-0.27,-0.04,21.00,5469.93,-85.00,1.00,0.00
339915.00,2019-07-02 21:32:03.915,25.78,1503.66,2814.66,1.25,0.00,2.00,1.00,391.78,4.56,12.87,59.77,55.77,-199.92,23.41,-0.30,-0.01,21.00,5484.54,-85.00,1.00,0.00
340015.00,2019-07-02 21:32:04.015,25.88,1504.36,2782.29,1.24,0.00,2.00,1.00,391.10,4.57,12.89,59.77,55.77,-199.92,23.41,-0.25,-0.03,21.00,5462.80,-85.00,1.00,0.00
340115.00,2019-07-02 21:32:04.115,26.17,1505.07,2849.54,1.25,0.00,2.00,1.00,390.41,4.58,12.87,59.69,55.77,-199.92,23.41,-0.28,-0.04,21.00,5507.98,-86.00,1.00,0.00
340215.00,2019-07-02 21:32:04.215,26.28,1505.89,2832.53,1.24,0.00,2.00,1.00,389.32,4.60,12.91,59.69,55.84,-199.92,23.41,-0.28,-0.01,21.00,5496.55,-85.00,1.00,0.00
340315.00,2019-07-02 21:32:04.315,26.41,1506.59,2856.80,1.24,0.00,2.00,1.00,388.64,4.61,12.87,59.54,55.84,-199.92,23.41,-0.27,-0.02,21.00,5512.86,-86.00,1.00,0.00
340415.00,2019-07-02 21:32:04.415,26.60,1507.29,2884.20,1.26,0.00,2.00,1.00,387.96,4.62,12.89,59.54,55.88,-199.92,23.41,-0.30,-0.04,21.00,5531.26,-86.00,1.00,0.00
340515.00,2019-07-02 21:32:04.515,26.80,1508.11,2895.75,1.25,0.00,2.00,1.00,386.88,4.63,12.85,59.54,55.88,-199.92,23.55,-0.27,-0.02,21.00,5539.02,-87.00,1.00,0.00
340615.00,2019-07-02 21:32:04.615,26.87,1508.81,2893.52,1.24,0.00,2.00,1.00,386.21,4.64,12.87,59.42,55.88,-199.92,23.55,-0.30,-0.02,21.00,5537.52,-87.00,1.00,0.00
340715.00,2019-07-02 21:32:04.715,27.05,1509.63,2964.79,1.23,0.00,2.00,1.00,385.14,4.66,12.91,59.42,55.95,-199.92,23.55,-0.28,-0.03,21.00,5585.40,-88.00,1.00,0.00
340815.00,2019-07-02 21:32:04.815,27.30,1510.33,2907.12,1.25,0.00,2.00,1.00,384.47,4.67,12.86,59.42,55.95,-199.92,23.55,-0.27,-0.04,21.00,5546.65,-87.00,1.00,0.00
340915.00,2019-07-02 21:32:04.915,27.36,1511.15,2940.82,1.25,0.00,2.00,1.00,383.83,4.68,12.90,59.48,55.93,-199.92,23.76,-0.28,-0.02,21.00,5569.29,-87.00,1.00,0.00
341015.00,2019-07-02 21:32:05.015,27.59,1511.86,2998.73,1.23,0.00,2.00,1.00,382.74,4.69,12.87,59.48,55.93,-199.92,23.76,-0.27,-0.02,21.00,5608.19,-88.00,1.00,0.00
341115.00,2019-07-02 21:32:05.115,27.74,1512.67,2938.94,1.24,0.00,2.00,1.00,382.11,4.70,12.87,59.51,55.93,-199.92,23.76,-0.28,-0.03,21.00,5568.03,-87.00,1.00,0.00
341215.00,2019-07-02 21:32:05.215,27.88,1513.49,2998.13,1.26,0.00,2.00,1.00,381.05,4.72,12.89,59.51,56.04,-199.92,23.76,-0.27,-0.05,21.00,5607.79,-88.00,1.00,0.00
341315.00,2019-07-02 21:32:05.315,28.05,1514.20,3038.90,1.27,0.00,2.00,1.00,380.39,4.73,12.87,59.51,56.04,-199.92,23.77,-0.28,-0.01,21.00,5623.15,-89.00,1.00,0.00
341415.00,2019-07-02 21:32:05.415,28.23,1515.02,3030.38,1.22,0.00,2.00,1.00,379.35,4.75,12.89,59.33,56.05,-199.92,23.77,-0.27,-0.02,21.00,5620.06,-89.00,1.00,0.00
341515.00,2019-07-02 21:32:05.515,28.40,1515.83,3050.25,1.24,0.00,2.00,1.00,378.73,4.76,12.87,59.33,56.05,-199.92,23.77,-0.27,-0.03,21.00,5627.27,-89.00,1.00,0.00
341615.00,2019-07-02 21:32:05.615,28.59,1516.65,3108.33,1.23,0.00,2.00,1.00,377.69,4.77,12.88,59.34,56.05,-199.92,23.77,-0.30,0.01,21.00,5648.32,-90.00,1.00,0.00
341715.00,2019-07-02 21:32:05.715,28.78,1517.47,3111.31,1.20,0.00,2.00,1.00,376.66,4.79,12.87,59.34,56.09,-199.92,23.72,-0.28,-0.04,21.00,5649.40,-91.00,1.00,0.00
341815.00,2019-07-02 21:32:05.815,28.83,1518.18,3041.29,1.23,0.00,2.00,1.00,376.02,4.80,12.86,59.34,56.09,-199.92,23.72,-0.29,-0.02,21.00,5624.01,-89.00,1.00,0.00
341915.00,2019-07-02 21:32:05.915,29.10,1518.99,3126.22,1.25,0.00,2.00,1.00,375.00,4.81,12.81,59.41,56.11,-199.92,23.72,-0.31,-0.03,21.00,5654.81,-91.00,1.00,0.00
342015.00,2019-07-02 21:32:06.015,29.28,1519.81,3125.81,1.24,0.00,2.00,1.00,374.39,4.82,12.86,59.41,56.11,-199.92,23.72,-0.29,-0.04,21.00,5654.66,-91.00,1.00,0.00
342115.00,2019-07-02 21:32:06.115,29.49,1520.63,3128.50,1.25,0.00,2.00,1.00,373.37,4.84,12.89,59.41,56.11,-199.92,23.84,-0.30,-0.02,21.00,5655.64,-91.00,1.00,0.00
342215.00,2019-07-02 21:32:06.215,29.63,1521.57,3126.30,1.25,0.00,2.00,1.00,372.40,4.85,12.85,59.33,56.12,-199.92,23.84,-0.27,-0.04,21.00,5654.84,-91.00,1.00,0.00
342315.00,2019-07-02 21:32:06.315,29.77,1522.39,3238.87,1.23,0.00,2.00,1.00,371.79,4.87,12.87,59.33,56.12,-199.92,23.84,-0.30,-0.02,21.00,5695.66,-93.00,1.00,0.00
0.00,2019-07-02 21:26:24.000
345615.00,2019-07-02 21:32:09.615,35.36,1552.47,3563.16,1.36,0.00,2.00,1.00,345.13,5.34,12.87,58.27,57.09,-199.92,23.84,-0.29,-0.02,17.00,5255.53,-99.00,0.00,0.00
345715.00,2019-07-02 21:32:09.715,35.15,1553.40,3208.73,1.33,0.00,2.00,1.00,344.33,5.36,12.89,58.27,57.08,-199.92,23.98,-0.28,-0.03,17.00,5684.73,-92.00,0.00,0.00
345815.00,2019-07-02 21:32:09.815,35.03,1554.34,3037.21,1.51,0.00,2.00,1.00,343.87,5.37,12.89,58.09,57.08,-199.92,23.98,-0.27,-0.00,17.00,5622.54,-89.00,0.00,0.00
345915.00,2019-07-02 21:32:09.915,34.95,1555.39,2763.32,1.51,0.00,2.00,1.00,343.12,5.39,12.85,58.09,57.22,-199.92,23.98,-0.29,-0.00,21.00,5450.06,-84.00,1.00,0.00
346015.00,2019-07-02 21:32:10.015,34.90,1556.33,3189.45,1.51,0.00,2.00,1.00,342.67,5.40,12.76,58.09,57.22,-199.92,23.98,-0.27,-0.01,17.00,5677.74,-92.00,0.00,0.00
346115.00,2019-07-02 21:32:10.115,34.86,1557.26,3448.47,1.51,0.00,2.00,1.00,341.93,5.41,12.88,58.01,57.22,-199.92,23.89,-0.28,-0.03,17.00,5409.65,-97.00,0.00,0.00
346215.00,2019-07-02 21:32:10.215,34.84,1558.20,3209.41,1.51,0.00,2.00,1.00,341.15,5.43,12.92,58.01,57.22,-199.92,23.89,-0.28,-0.03,17.00,5684.98,-92.00,0.00,0.00
346315.00,2019-07-02 21:32:10.315,34.81,1559.25,3041.83,1.51,0.00,2.00,1.00,340.73,5.44,12.75,57.98,57.22,-199.92,23.89,-0.27,-0.00,17.00,5624.21,-89.00,0.00,0.00
346415.00,2019-07-02 21:32:10.415,34.70,1560.19,2772.45,1.51,0.00,2.00,1.00,339.97,5.45,12.91,57.98,57.36,-199.92,23.89,-0.29,-0.05,17.00,5456.19,-84.00,0.00,0.00
346515.00,2019-07-02 21:32:10.515,34.72,1561.13,2579.70,1.51,0.00,2.00,1.00,339.55,5.46,12.91,57.98,57.36,-199.92,23.93,-0.27,-0.01,17.00,5421.21,-81.00,0.00,0.00
346615.00,2019-07-02 21:32:10.615,34.73,1562.06,2382.75,1.51,0.00,2.00,1.00,339.13,5.47,12.74,58.03,57.36,-199.92,23.93,-0.30,-0.04,17.00,5342.17,-77.00,0.00,0.00
346715.00,2019-07-02 21:32:10.715,34.61,1563.00,2168.06,1.51,0.00,2.00,1.00,338.67,5.48,12.93,58.03,57.42,-199.92,23.93,-0.26,0.01,17.00,6416.32,-74.00,0.00,0.00
346815.00,2019-07-02 21:32:10.815,34.69,1564.05,2048.97,1.51,0.00,2.00,1.00,338.46,5.49,12.89,58.07,57.42,-199.92,23.93,-0.27,-0.04,17.00,8092.23,-71.00,0.00,0.00
346915.00,2019-07-02 21:32:10.915,34.58,1564.99,1792.86,1.51,0.00,2.00,1.00,337.82,5.50,12.78,58.07,57.45,-199.92,24.20,-0.29,-0.02,17.00,7305.43,-58.00,0.00,0.00
347015.00,2019-07-02 21:32:11.015,34.65,1565.93,1648.60,1.51,0.00,2.00,1.00,337.63,5.51,12.90,58.07,57.45,-199.92,24.20,-0.28,-0.03,17.00,7000.00,-54.00,0.00,0.00
347115.00,2019-07-02 21:32:11.115,34.57,1566.86,1488.22,1.51,0.00,2.00,1.00,337.45,5.52,12.90,58.17,57.45,-199.92,24.20,-0.29,-0.03,17.00,7000.00,-50.00,0.00,0.00
347215.00,2019-07-02 21:32:11.215,34.50,1567.80,1295.70,1.51,0.00,2.00,1.00,337.27,5.52,12.78,58.17,57.48,-199.92,24.20,-0.25,-0.01,17.00,7000.00,-43.00,0.00,0.00
347315.00,2019-07-02 21:32:11.315,34.46,1568.85,1019.45,1.51,0.00,2.00,1.00,337.11,5.53,12.89,58.17,57.48,-199.92,24.35,-0.28,-0.00,17.00,7000.00,-38.00,0.00,0.00
347415.00,2019-07-02 21:32:11.415,34.56,1569.79,1543.51,1.51,0.00,2.00,1.00,336.93,5.54,12.93,58.13,57.55,-199.92,24.35,-0.30,-0.00,17.00,7000.00,-52.00,0.00,0.00
347515.00,2019-07-02 21:32:11.515,34.54,1570.72,1543.51,1.51,0.00,2.00,1.00,337.13,5.54,12.76,58.13,57.55,-199.92,24.35,-0.28,-0.04,17.00,7000.00,-52.00,0.00,0.00
347615.00,2019-07-02 21:32:11.615,34.51,1571.66,1543.51,1.51,0.00,2.00,1.00,337.33,5.54,12.93,58.13,57.55,-199.92,24.35,-0.28,-0.03,17.00,7000.00,-52.00,0.00,0.00
347715.00,2019-07-02 21:32:11.715,34.51,1572.60,401.46,1.51,0.00,2.00,1.00,337.15,5.54,12.92,58.13,57.69,-199.92,24.38,-0.27,-0.03,17.00,7000.00,-27.00,0.00,0.00
347815.00,2019-07-02 21:32:11.815,34.48,1573.53,986.56,1.51,0.00,2.00,1.00,336.97,5.55,12.76,58.13,57.69,-199.92,24.38,-0.31,-0.04,17.00,7000.00,-37.00,0.00,0.00
347915.00,2019-07-02 21:32:11.915,34.36,1574.59,869.73,1.51,0.00,2.00,1.00,336.82,5.55,12.94,58.10,57.76,-199.92,24.38,-0.26,-0.00,17.00,7000.00,-35.00,0.00,0.00
348015.00,2019-07-02 21:32:12.015,34.37,1575.52,869.73,1.51,0.00,2.00,1.00,337.02,5.55,12.90,58.10,57.76,-199.92,24.38,-0.28,-0.06,17.00,7000.00,-35.00,0.00,0.00
348115.00,2019-07-02 21:32:12.115,34.39,1576.46,869.73,1.51,0.00,2.00,1.00,337.22,5.55,12.79,58.05,57.76,-199.92,24.62,-0.29,-0.03,17.00,7000.00,-35.00,0.00,0.00
348215.00,2019-07-02 21:32:12.215,34.26,1577.39,869.73,1.51,0.00,2.00,1.00,337.42,5.55,12.91,58.05,57.73,-199.92,24.62,-0.28,-0.04,17.00,7000.00,-35.00,0.00,0.00
348315.00,2019-07-02 21:32:12.315,34.30,1578.33,869.73,1.51,0.00,2.00,1.00,337.62,5.55,12.93,58.05,57.73,-199.92,24.62,-0.29,-0.02,17.00,7000.00,-35.00,0.00,0.00
348415.00,2019-07-02 21:32:12.415,34.32,1579.27,0.00,1.51,0.00,2.00,1.00,337.82,5.55,12.79,58.00,57.89,-199.92,24.62,-0.27,-0.04,17.00,7000.00,-35.00,0.00,0.00
348515.00,2019-07-02 21:32:12.515,34.27,1580.20,0.00,1.51,0.00,2.00,1.00,338.02,5.55,12.90,58.00,57.89,-199.92,24.73,-0.30,-0.04,17.00,7000.00,-35.00,0.00,0.00
348615.00,2019-07-02 21:32:12.615,34.22,1581.26,0.00,1.51,0.00,2.00,1.00,338.24,5.55,12.94,58.00,57.89,-199.92,24.73,-0.28,-0.02,17.00,7000.00,-35.00,0.00,0.00
348715.00,2019-07-02 21:32:12.715,34.31,1582.19,0.00,1.51,0.00,2.00,1.00,338.45,5.55,12.76,57.86,58.05,-199.92,24.73,-0.26,-0.00,17.00,7000.00,-35.00,0.00,0.00
348815.00,2019-07-02 21:32:12.815,34.23,1583.13,0.00,1.51,0.00,2.00,1.00,338.65,5.55,12.93,57.86,58.05,-199.92,24.73,-0.28,-0.03,17.00,7000.00,-35.00,0.00,0.00
348915.00,2019-07-02 21:32:12.915,34.16,1584.07,0.00,1.51,0.00,2.00,1.00,338.85,5.55,12.92,57.95,58.02,-199.92,24.57,-0.27,-0.01,17.00,7000.00,-35.00,0.00,0.00
349015.00,2019-07-02 21:32:13.015,34.11,1585.00,0.00,1.51,0.00,2.00,1.00,339.05,5.55,12.78,57.95,58.02,-199.92,24.57,-0.29,-0.03,17.00,7000.00,-35.00,0.00,0.00
349115.00,2019-07-02 21:32:13.115,34.08,1585.94,0.00,1.51,0.00,2.00,1.00,339.25,5.55,12.94,57.95,58.02,-199.92,24.57,-0.27,-0.02,17.00,7000.00,-35.00,0.00,0.00
349215.00,2019-07-02 21:32:13.215,34.17,1586.87,0.00,1.51,0.00,2.00,1.00,339.45,5.55,12.91,57.94,58.09,-199.92,24.57,-0.27,-0.01,17.00,7000.00,-35.00,0.00,0.00
349315.00,2019-07-02 21:32:13.315,34.16,1587.81,0.00,1.51,0.00,2.00,1.00,339.65,5.55,12.80,57.94,58.09,-199.92,24.70,-0.28,-0.01,17.00,7000.00,-35.00,0.00,0.00
349415.00,2019-07-02 21:32:13.415,34.14,1588.75,0.00,1.51,0.00,2.00,1.00,339.85,5.55,12.92,57.93,58.13,-199.92,24.70,-0.29,-0.00,17.00,7000.00,-35.00,0.00,0.00
349515.00,2019-07-02 21:32:13.515,34.04,1589.68,0.00,1.51,0.00,2.00,1.00,340.05,5.55,12.93,57.93,58.13,-199.92,24.70,-0.28,-0.04,17.00,7000.00,-35.00,0.00,0.00
349615.00,2019-07-02 21:32:13.615,34.05,1590.62,0.00,1.51,0.00,2.00,1.00,340.25,5.55,12.79,57.93,58.13,-199.92,24.70,-0.26,-0.01,17.00,7000.00,-35.00,0.00,0.00
349715.00,2019-07-02 21:32:13.715,33.90,1591.56,0.00,1.51,0.00,2.00,1.00,340.45,5.55,12.91,57.86,58.26,-199.92,24.68,-0.31,-0.03,17.00,7000.00,-35.00,0.00,0.00
349815.00,2019-07-02 21:32:13.815,33.99,1592.61,0.00,1.51,0.00,2.00,1.00,340.67,5.55,12.95,57.86,58.26,-199.92,24.68,-0.27,-0.02,17.00,7000.00,-35.00,0.00,0.00
349915.00,2019-07-02 21:32:13.915,33.99,1593.55,0.00,1.51,0.00,2.00,1.00,340.87,5.55,12.77,57.86,58.31,-199.92,24.68,-0.28,-0.02,17.00,7000.00,-35.00,0.00,0.00
350015.00,2019-07-02 21:32:14.015,33.93,1594.48,0.00,1.51,0.00,2.00,1.00,341.07,5.55,12.94,57.94,58.31,-199.92,24.68,-0.28,-0.03,17.00,7000.00,-35.00,0.00,0.00
350115.00,2019-07-02 21:32:14.115,33.99,1595.42,0.00,1.51,0.00,2.00,1.00,341.27,5.55,12.93,57.94,58.31,-199.92,24.89,-0.27,-0.02,17.00,7000.00,-35.00,0.00,0.00
350215.00,2019-07-02 21:32:14.215,33.90,1596.35,0.00,1.51,0.00,2.00,1.00,341.47,5.55,12.78,57.98,58.42,-199.92,24.89,-0.29,-0.02,17.00,7000.00,-35.00,0.00,0.00
350315.00,2019-07-02 21:32:14.315,33.81,1597.29,0.00,1.51,0.00,2.00,1.00,341.67,5.55,12.94,57.98,58.42,-199.92,24.89,-0.27,-0.03,17.00,7000.00,-35.00,0.00,0.00
350415.00,2019-07-02 21:32:14.415,33.91,1598.23,0.00,1.51,0.00,2.00,1.00,341.87,5.55,12.91,57.98,58.49,-199.92,24.89,-0.28,-0.03,17.00,7000.00,-35.00,0.00,0.00
350515.00,2019-07-02 21:32:14.515,33.85,1599.16,0.00,1.51,0.00,2.00,1.00,342.08,5.55,12.80,57.98,58.49,-199.92,25.04,-0.28,-0.02,17.00,7000.00,-35.00,0.00,0.00
350615.00,2019-07-02 21:32:14.615,33.80,1600.10,0.00,1.51,0.00,2.00,1.00,342.28,5.55,12.92,57.98,58.49,-199.92,25.04,-0.28,-0.00,17.00,7000.00,-35.00,0.00,0.00
350715.00,2019-07-02 21:32:14.715,33.77,1601.04,0.00,1.51,0.00,2.00,1.00,342.48,5.55,12.93,57.98,58.61,-199.92,25.04,-0.29,-0.03,17.00,7000.00,-35.00,0.00,0.00
350815.00,2019-07-02 21:32:14.815,33.75,1601.97,0.00,1.51,0.00,2.00,1.00,342.68,5.55,12.80,57.98,58.61,-199.92,25.04,-0.26,-0.02,17.00,7000.00,-35.00,0.00,0.00
350915.00,2019-07-02 21:32:14.915,33.74,1602.91,0.00,1.51,0.00,2.00,1.00,342.88,5.55,12.91,57.98,58.70,-199.92,25.15,-0.30,-0.02,17.00,7000.00,-35.00,0.00,0.00
351015.00,2019-07-02 21:32:15.015,33.73,1603.84,0.00,1.51,0.00,2.00,1.00,343.08,5.55,12.95,57.91,58.70,-199.92,25.15,-0.27,-0.01,17.00,7000.00,-35.00,0.00,0.00
351115.00,2019-07-02 21:32:15.115,33.73,1604.78,0.00,1.51,0.00,2.00,1.00,343.28,5.55,12.77,57.91,58.70,-197.47,25.15,-0.28,-0.02,17.00,7000.00,-35.00,0.00,0.00
351215.00,2019-07-02 21:32:15.215,33.71,1605.72,0.00,1.51,0.00,2.00,1.00,343.48,5.55,12.94,57.91,58.77,-197.47,25.15,-0.28,-0.01,17.00,7000.00,-35.00,0.00,0.00
351315.00,2019-07-02 21:32:15.315,33.72,1606.65,0.00,1.51,0.00,2.00,1.00,343.68,5.55,12.93,57.88,58.77,-197.47,25.16,-0.27,-0.01,17.00,7000.00,-35.00,0.00,0.00
351415.00,2019-07-02 21:32:15.415,33.65,1607.59,0.00,1.51,0.00,2.00,1.00,343.88,5.55,12.78,57.88,58.84,-192.57,25.16,-0.28,-0.04,17.00,7000.00,-35.00,0.00,0.00
351515.00,2019-07-02 21:32:15.515,33.70,1608.53,0.00,1.51,0.00,2.00,1.00,344.08,5.55,12.95,57.86,58.84,-192.57,25.16,-0.25,-0.04,17.00,7000.00,-35.00,0.00,0.00
351615.00,2019-07-02 21:32:15.615,33.59,1609.46,0.00,1.51,0.00,2.00,1.00,344.28,5.55,12.91,57.86,58.84,-188.30,25.16,-0.27,-0.02,17.00,7000.00,-35.00,0.00,0.00
351715.00,2019-07-02 21:32:15.715,33.65,1610.40,0.00,1.51,0.00,2.00,1.00,344.48,5.55,12.81,57.86,58.87,-188.30,25.27,-0.28,-0.01,17.00,7000.00,-35.00,0.00,0.00
351815.00,2019-07-02 21:32:15.815,33.56,1611.33,0.00,1.51,0.00,2.00,1.00,344.68,5.55,12.92,57.88,58.87,-188.30,25.27,-0.28,-0.02,17.00,7000.00,-35.00,0.00,0.00
351915.00,2019-07-02 21:32:15.915,33.56,1612.15,0.00,1.51,0.00,2.00,1.00,344.85,5.55,12.94,57.88,58.98,-184.09,25.27,-0.28,-0.02,17.00,7000.00,-35.00,0.00,0.00
352015.00,2019-07-02 21:32:16.015,33.55,1613.09,0.00,1.51,0.00,2.00,1.00,345.05,5.55,12.80,57.91,58.98,-184.09,25.27,-0.27,-0.02,17.00,7000.00,-35.00,0.00,0.00
352115.00,2019-07-02 21:32:16.115,33.49,1614.03,0.00,1.51,0.00,2.00,1.00,345.25,5.55,12.92,57.91,58.98,-180.33,25.34,-0.31,-0.03,17.00,7000.00,-35.00,0.00,0.00
352215.00,2019-07-02 21:32:16.215,33.52,1614.96,0.00,1.51,0.00,2.00,1.00,345.45,5.55,12.95,57.91,59.09,-180.33,25.34,-0.28,-0.02,17.00,7000.00,-35.00,0.00,0.00
352315.00,2019-07-02 21:32:16.315,33.48,1615.90,0.00,1.51,0.00,2.00,1.00,345.66,5.55,12.77,57.88,59.09,-180.33,25.34,-0.27,-0.01,17.00,7000.00,-35.00,0.00,0.00
352415.00,2019-07-02 21:32:16.415,33.46,1616.84,0.00,1.51,0.00,2.00,1.00,345.86,5.55,12.95,57.88,59.23,-176.69,25.34,-0.27,-0.02,17.00,7000.00,-35.00,0.00,0.00
352515.00,2019-07-02 21:32:16.515,33.44,1617.77,0.00,1.51,0.00,2.00,1.00,346.06,5.55,12.94,57.88,59.23,-176.69,25.43,-0.26,-0.02,17.00,7000.00,-35.00,0.00,0.00
352615.00,2019-07-02 21:32:16.615,33.45,1618.71,0.00,1.51,0.00,2.00,1.00,346.26,5.55,12.78,57.87,59.23,-176.69,25.43,-0.28,-0.02,17.00,7000.00,-35.00,0.00,0.00
352715.00,2019-07-02 21:32:16.715,33.33,1619.64,0.00,1.51,0.00,2.00,1.00,346.46,5.55,12.95,57.87,59.30,-173.45,25.43,-0.28,-0.03,17.00,7000.00,-35.00,0.00,0.00
352815.00,2019-07-02 21:32:16.815,33.35,1620.58,0.00,1.51,0.00,2.00,1.00,346.66,5.55,12.91,57.87,59.30,-173.45,25.43,-0.27,-0.02,17.00,7000.00,-35.00,0.00,0.00
352915.00,2019-07-02 21:32:16.915,33.37,1621.52,0.00,1.51,0.00,2.00,1.00,346.86,5.55,12.81,57.87,59.26,-170.48,25.45,-0.26,-0.02,17.00,7000.00,-35.00,0.00,0.00
353015.00,2019-07-02 21:32:17.015,33.36,1622.45,0.00,1.51,0.00,2.00,1.00,347.06,5.55,12.93,57.87,59.26,-170.48,25.45,-0.27,-0.04,17.00,7000.00,-35.00,0.00,0.00
353115.00,2019-07-02 21:32:17.115,33.25,1623.27,0.00,1.51,0.00,2.00,1.00,347.23,5.55,12.94,57.88,59.26,-170.48,25.45,-0.30,-0.03,17.00,7000.00,-35.00,0.00,0.00
353215.00,2019-07-02 21:32:17.215,33.31,1624.21,0.00,1.51,0.00,2.00,1.00,347.43,5.55,12.81,57.88,59.40,-167.35,25.45,-0.26,-0.01,17.00,7000.00,-35.00,0.00,0.00
353315.00,2019-07-02 21:32:17.315,33.28,1625.14,0.00,1.51,0.00,2.00,1.00,347.63,5.55,12.92,57.87,59.40,-167.35,25.63,-0.32,-0.02,17.00,7000.00,-35.00,0.00,0.00
353415.00,2019-07-02 21:32:17.415,33.25,1626.08,0.00,1.51,0.00,2.00,1.00,347.83,5.55,12.95,57.87,59.48,-164.49,25.63,-0.28,-0.01,17.00,7000.00,-35.00,0.00,0.00
353515.00,2019-07-02 21:32:17.515,33.17,1627.02,0.00,1.51,0.00,2.00,1.00,348.03,5.55,12.78,57.87,59.48,-164.49,25.63,-0.27,-0.01,17.00,7000.00,-35.00,0.00,0.00
353615.00,2019-07-02 21:32:17.615,33.27,1627.95,0.00,1.51,0.00,2.00,1.00,348.23,5.55,12.95,57.82,59.48,-164.49,25.63,-0.28,-0.02,17.00,7000.00,-35.00,0.00,0.00
353715.00,2019-07-02 21:32:17.715,33.21,1628.89,0.00,1.51,0.00,2.00,1.00,348.43,5.55,12.94,57.82,59.49,-161.89,25.81,-0.27,-0.02,17.00,7000.00,-35.00,0.00,0.00
353815.00,2019-07-02 21:32:17.815,33.18,1629.83,0.00,1.51,0.00,2.00,1.00,348.63,5.55,12.79,57.82,59.49,-161.89,25.81,-0.30,-0.03,17.00,7000.00,-35.00,0.00,0.00
353915.00,2019-07-02 21:32:17.915,33.10,1630.65,0.00,1.51,0.00,2.00,1.00,348.81,5.55,12.96,57.84,59.65,-161.89,25.81,-0.27,-0.03,17.00,7000.00,-35.00,0.00,0.00
354015.00,2019-07-02 21:32:18.015,33.13,1631.58,0.00,1.51,0.00,2.00,1.00,349.01,5.55,12.92,57.84,59.65,-159.20,25.81,-0.28,-0.02,17.00,7000.00,-35.00,0.00,0.00
354115.00,2019-07-02 21:32:18.115,33.12,1632.52,0.00,1.51,0.00,2.00,1.00,349.21,5.55,12.81,57.77,59.65,-159.20,25.88,-0.28,-0.02,17.00,7000.00,-35.00,0.00,0.00
354215.00,2019-07-02 21:32:18.215,32.99,1633.45,0.00,1.51,0.00,2.00,1.00,349.41,5.55,12.93,57.77,59.76,-156.77,25.88,-0.27,-0.02,17.00,7000.00,-35.00,0.00,0.00
354315.00,2019-07-02 21:32:18.315,33.02,1634.39,0.00,1.51,0.00,2.00,1.00,349.61,5.55,12.94,57.77,59.76,-156.77,25.88,-0.29,-0.03,17.00,7000.00,-35.00,0.00,0.00
354415.00,2019-07-02 21:32:18.415,33.05,1635.33,0.00,1.51,0.00,2.00,1.00,349.81,5.55,12.81,57.82,59.77,-156.77,25.88,-0.27,-0.02,17.00,7000.00,-35.00,0.00,0.00
354515.00,2019-07-02 21:32:18.515,33.03,1636.15,0.00,1.51,0.00,2.00,1.00,349.99,5.55,12.92,57.82,59.77,-154.52,25.69,-0.29,-0.02,17.00,7000.00,-35.00,0.00,0.00
354615.00,2019-07-02 21:32:18.615,32.99,1637.08,0.00,1.51,0.00,2.00,1.00,350.19,5.55,12.96,57.70,59.77,-154.52,25.69,-0.28,-0.02,17.00,7000.00,-35.00,0.00,0.00
354715.00,2019-07-02 21:32:18.715,32.99,1638.02,0.00,1.51,0.00,2.00,1.00,350.39,5.55,12.78,57.70,59.84,-152.26,25.69,-0.27,-0.02,17.00,7000.00,-35.00,0.00,0.00
354815.00,2019-07-02 21:32:18.815,32.96,1638.95,0.00,1.51,0.00,2.00,1.00,350.59,5.55,12.95,57.70,59.84,-152.26,25.69,-0.27,-0.04,17.00,7000.00,-35.00,0.00,0.00
354915.00,2019-07-02 21:32:18.915,32.97,1639.89,0.00,1.51,0.00,2.00,1.00,350.79,5.55,12.94,57.64,59.91,-152.26,25.81,-0.28,-0.02,17.00,7000.00,-35.00,0.00,0.00
355015.00,2019-07-02 21:32:19.015,32.89,1640.71,0.00,1.51,0.00,2.00,1.00,350.96,5.55,12.79,57.64,59.91,-149.91,25.81,-0.28,-0.04,17.00,7000.00,-35.00,0.00,0.00
355115.00,2019-07-02 21:32:19.115,32.92,1641.65,0.00,1.51,0.00,2.00,1.00,351.16,5.55,12.96,57.64,59.91,-149.91,25.81,-0.25,-0.02,17.00,7000.00,-35.00,0.00,0.00
355215.00,2019-07-02 21:32:19.215,32.85,1642.58,0.00,1.51,0.00,2.00,1.00,351.36,5.55,12.92,57.68,59.95,-149.91,25.81,-0.28,-0.03,17.00,7000.00,-35.00,0.00,0.00
355315.00,2019-07-02 21:32:19.315,32.80,1643.52,0.00,1.51,0.00,2.00,1.00,351.56,5.55,12.81,57.68,59.95,-147.99,26.41,-0.27,-0.02,17.00,7000.00,-35.00,0.00,0.00
355415.00,2019-07-02 21:32:19.415,32.80,1644.34,0.00,1.51,0.00,2.00,1.00,351.74,5.55,12.93,57.66,60.05,-147.99,26.41,-0.27,-0.04,17.00,7000.00,-35.00,0.00,0.00
355515.00,2019-07-02 21:32:19.515,32.77,1645.27,0.00,1.51,0.00,2.00,1.00,351.94,5.55,12.94,57.66,60.05,-145.98,26.41,-0.28,-0.02,17.00,7000.00,-35.00,0.00,0.00
355615.00,2019-07-02 21:32:19.615,32.75,1646.21,0.00,1.51,0.00,2.00,1.00,352.14,5.55,12.81,57.66,60.05,-145.98,26.41,-0.25,-0.01,17.00,7000.00,-35.00,0.00,0.00
355715.00,2019-07-02 21:32:19.715,32.75,1647.15,0.00,1.51,0.00,2.00,1.00,352.34,5.55,12.93,57.66,60.05,-145.98,26.41,-0.29,-0.02,17.00,7000.00,-35.00,0.00,0.00
355815.00,2019-07-02 21:32:19.815,32.76,1648.08,0.00,1.51,0.00,2.00,1.00,352.54,5.55,12.96,57.66,60.05,-143.98,26.41,-0.29,-0.01,17.00,7000.00,-35.00,0.00,0.00
355915.00,2019-07-02 21:32:19.915,32.75,1648.90,0.00,1.51,0.00,2.00,1.00,352.71,5.55,12.78,57.66,60.18,-143.98,26.41,-0.28,-0.03,17.00,7000.00,-35.00,0.00,0.00
356015.00,2019-07-02 21:32:20.015,32.64,1649.84,0.00,1.51,0.00,2.00,1.00,352.92,5.55,12.95,57.57,60.18,-142.13,26.41,-0.31,-0.03,17.00,7000.00,-35.00,0.00,0.00
356115.00,2019-07-02 21:32:20.115,32.69,1650.78,0.00,1.51,0.00,2.00,1.00,353.12,5.55,12.94,57.57,60.18,-142.13,26.48,-0.27,-0.02,17.00,7000.00,-35.00,0.00,0.00
356215.00,2019-07-02 21:32:20.215,32.59,1651.59,0.00,1.51,0.00,2.00,1.00,353.29,5.55,12.80,57.57,60.28,-142.13,26.48,-0.29,-0.03,17.00,7000.00,-35.00,0.00,0.00
356315.00,2019-07-02 21:32:20.315,32.66,1652.53,0.00,1.51,0.00,2.00,1.00,353.49,5.55,12.96,57.57,60.28,-140.49,26.48,-0.25,-0.02,17.00,7000.00,-35.00,0.00,0.00
356415.00,2019-07-02 21:32:20.415,32.68,1653.47,0.00,1.51,0.00,2.00,1.00,353.69,5.55,12.92,57.57,60.36,-140.49,26.48,-0.29,-0.02,17.00,7000.00,-35.00,0.00,0.00
356515.00,2019-07-02 21:32:20.515,32.65,1654.40,0.00,1.51,0.00,2.00,1.00,353.89,5.55,12.82,57.62,60.36,-140.49,26.56,-0.27,-0.03,17.00,7000.00,-35.00,0.00,0.00
356615.00,2019-07-02 21:32:20.615,32.56,1655.22,0.00,1.51,0.00,2.00,1.00,354.07,5.55,12.93,57.62,60.36,-138.63,26.56,-0.29,-0.03,17.00,7000.00,-35.00,0.00,0.00
356715.00,2019-07-02 21:32:20.715,32.50,1656.16,0.00,1.51,0.00,2.00,1.00,354.27,5.55,12.94,57.59,60.27,-138.63,26.56,-0.29,-0.01,17.00,7000.00,-35.00,0.00,0.00
356815.00,2019-07-02 21:32:20.815,32.59,1657.10,0.00,1.51,0.00,2.00,1.00,354.47,5.55,12.81,57.59,60.27,-136.92,26.56,-0.25,-0.02,17.00,7000.00,-35.00,0.00,0.00
356915.00,2019-07-02 21:32:20.915,32.52,1657.91,0.00,1.51,0.00,2.00,1.00,354.64,5.55,12.93,57.59,60.43,-136.92,26.46,-0.30,-0.02,17.00,7000.00,-35.00,0.00,0.00
357015.00,2019-07-02 21:32:21.015,32.48,1658.85,0.00,1.51,0.00,2.00,1.00,354.84,5.55,12.96,57.63,60.43,-136.92,26.46,-0.28,-0.03,17.00,7000.00,-35.00,0.00,0.00
357115.00,2019-07-02 21:32:21.115,32.42,1659.79,0.00,1.51,0.00,2.00,1.00,355.04,5.55,12.78,57.63,60.43,-135.29,26.46,-0.30,-0.02,17.00,7000.00,-35.00,0.00,0.00
357215.00,2019-07-02 21:32:21.215,32.45,1660.72,0.00,1.51,0.00,2.00,1.00,355.24,5.55,12.95,57.63,60.48,-135.29,26.46,-0.29,-0.03,17.00,7000.00,-35.00,0.00,0.00
357315.00,2019-07-02 21:32:21.315,32.41,1661.54,0.00,1.51,0.00,2.00,1.00,355.42,5.55,12.94,57.66,60.48,-133.84,26.65,-0.27,-0.02,17.00,7000.00,-35.00,0.00,0.00
357415.00,2019-07-02 21:32:21.415,32.41,1662.48,0.00,1.51,0.00,2.00,1.00,355.62,5.55,12.80,57.66,60.55,-133.84,26.65,-0.29,-0.03,17.00,7000.00,-35.00,0.00,0.00
357515.00,2019-07-02 21:32:21.515,32.41,1663.42,0.00,1.51,0.00,2.00,1.00,355.82,5.55,12.95,57.63,60.55,-133.84,26.65,-0.25,-0.03,17.00,7000.00,-35.00,0.00,0.00
357615.00,2019-07-02 21:32:21.615,32.38,1664.23,0.00,1.51,0.00,2.00,1.00,355.99,5.55,12.92,57.63,60.55,-132.19,26.65,-0.28,-0.03,17.00,7000.00,-35.00,0.00,0.00
357715.00,2019-07-02 21:32:21.715,32.33,1665.17,0.00,1.51,0.00,2.00,1.00,356.19,5.55,12.82,57.63,60.64,-132.19,26.63,-0.28,-0.02,17.00,7000.00,-35.00,0.00,0.00
357815.00,2019-07-02 21:32:21.815,32.32,1665.99,0.00,1.51,0.00,2.00,1.00,356.37,5.55,12.93,57.68,60.64,-132.19,26.63,-0.27,-0.01,17.00,7000.00,-35.00,0.00,0.00
357915.00,2019-07-02 21:32:21.915,32.22,1666.81,0.00,1.51,0.00,2.00,1.00,356.55,5.55,12.94,57.68,60.66,-130.74,26.63,-0.29,-0.02,17.00,7000.00,-35.00,0.00,0.00
358015.00,2019-07-02 21:32:22.015,32.30,1667.75,0.00,1.51,0.00,2.00,1.00,356.75,5.55,12.81,57.75,60.66,-130.74,26.63,-0.26,-0.01,17.00,7000.00,-35.00,0.00,0.00
358115.00,2019-07-02 21:32:22.115,32.23,1668.57,0.00,1.51,0.00,2.00,1.00,356.92,5.55,12.92,57.75,60.66,-129.26,26.76,-0.30,-0.02,17.00,7000.00,-35.00,0.00,0.00
358215.00,2019-07-02 21:32:22.215,32.14,1669.38,0.00,1.51,0.00,2.00,1.00,357.10,5.55,12.96,57.75,60.71,-129.26,26.76,-0.28,-0.01,17.00,7000.00,-35.00,0.00,0.00
358315.00,2019-07-02 21:32:22.315,32.25,1670.32,0.00,1.51,0.00,2.00,1.00,357.30,5.55,12.78,57.68,60.71,-129.26,26.76,-0.28,-0.01,17.00,7000.00,-35.00,0.00,0.00
358415.00,2019-07-02 21:32:22.415,32.21,1671.26,0.00,1.51,0.00,2.00,1.00,357.50,5.55,12.95,57.68,60.80,-127.99,26.76,-0.29,-0.03,17.00,7000.00,-35.00,0.00,0.00
358515.00,2019-07-02 21:32:22.515,32.17,1672.08,0.00,1.51,0.00,2.00,1.00,357.67,5.55,12.95,57.68,60.80,-127.99,26.65,-0.28,-0.03,17.00,7000.00,-35.00,0.00,0.00
358615.00,2019-07-02 21:32:22.615,32.15,1673.01,0.00,1.51,0.00,2.00,1.00,357.87,5.55,12.80,57.80,60.80,-126.63,26.65,-0.29,-0.03,17.00,7000.00,-35.00,0.00,0.00
358715.00,2019-07-02 21:32:22.715,32.12,1673.83,0.00,1.51,0.00,2.00,1.00,358.05,5.55,12.96,57.80,60.88,-126.63,26.65,-0.25,-0.03,17.00,7000.00,-35.00,0.00,0.00
358815.00,2019-07-02 21:32:22.815,32.12,1674.77,0.00,1.51,0.00,2.00,1.00,358.25,5.55,12.92,57.84,60.88,-126.63,26.65,-0.28,-0.03,17.00,7000.00,-35.00,0.00,0.00
358915.00,2019-07-02 21:32:22.915,32.12,1675.70,0.00,1.51,0.00,2.00,1.00,358.45,5.55,12.82,57.84,60.95,-125.45,26.43,-0.27,-0.03,17.00,7000.00,-35.00,0.00,0.00
359015.00,2019-07-02 21:32:23.015,32.11,1676.52,0.00,1.51,0.00,2.00,1.00,358.62,5.55,12.94,57.84,60.95,-125.45,26.43,-0.27,-0.02,17.00,7000.00,-35.00,0.00,0.00
359115.00,2019-07-02 21:32:23.115,32.04,1677.46,0.00,1.51,0.00,2.00,1.00,358.82,5.55,12.94,57.80,60.95,-125.45,26.43,-0.29,-0.03,17.00,7000.00,-35.00,0.00,0.00
359215.00,2019-07-02 21:32:23.215,32.05,1678.28,0.00,1.51,0.00,2.00,1.00,359.00,5.55,12.81,57.80,60.98,-124.12,26.43,-0.26,-0.02,17.00,7000.00,-35.00,0.00,0.00
359315.00,2019-07-02 21:32:23.315,32.05,1679.22,0.00,1.51,0.00,2.00,1.00,359.20,5.55,12.93,57.78,60.98,-124.12,26.39,-0.30,-0.03,17.00,7000.00,-35.00,0.00,0.00
359415.00,2019-07-02 21:32:23.415,31.99,1680.15,0.00,1.51,0.00,2.00,1.00,359.40,5.55,12.96,57.78,61.02,-122.92,26.39,-0.29,-0.04,17.00,7000.00,-35.00,0.00,0.00
359515.00,2019-07-02 21:32:23.515,32.00,1680.97,0.00,1.51,0.00,2.00,1.00,359.57,5.55,12.78,57.78,61.02,-122.92,26.39,-0.28,-0.03,17.00,7000.00,-35.00,0.00,0.00
359615.00,2019-07-02 21:32:23.615,31.98,1681.91,0.00,1.51,0.00,2.00,1.00,359.77,5.55,12.96,57.91,61.02,-122.92,26.39,-0.28,-0.03,17.00,7000.00,-35.00,0.00,0.00
359715.00,2019-07-02 21:32:23.715,31.88,1682.73,0.00,1.51,0.00,2.00,1.00,359.95,5.55,12.95,57.91,61.05,-121.62,26.55,-0.27,-0.03,17.00,7000.00,-35.00,0.00,0.00
359815.00,2019-07-02 21:32:23.815,31.93,1683.66,0.00,1.51,0.00,2.00,1.00,360.15,5.55,12.80,57.91,61.05,-121.62,26.55,-0.29,-0.03,17.00,7000.00,-35.00,0.00,0.00
359915.00,2019-07-02 21:32:23.915,31.91,1684.48,0.00,1.51,0.00,2.00,1.00,360.33,5.55,12.96,57.84,61.13,-120.44,26.55,-0.26,-0.04,17.00,7000.00,-35.00,0.00,0.00
360015.00,2019-07-02 21:32:24.015,31.88,1685.42,0.00,1.51,0.00,2.00,1.00,360.53,5.55,12.93,57.84,61.13,-120.44,26.55,-0.28,-0.02,17.00,7000.00,-35.00,0.00,0.00
360115.00,2019-07-02 21:32:24.115,31.82,1686.35,0.00,1.51,0.00,2.00,1.00,360.73,5.55,12.82,57.89,61.13,-120.44,26.38,-0.28,-0.03,17.00,7000.00,-35.00,0.00,0.00
360215.00,2019-07-02 21:32:24.215,31.81,1687.17,0.00,1.51,0.00,2.00,1.00,360.90,5.55,12.94,57.89,61.17,-119.23,26.38,-0.27,-0.02,17.00,7000.00,-35.00,0.00,0.00
360315.00,2019-07-02 21:32:24.315,31.77,1688.11,0.00,1.51,0.00,2.00,1.00,361.10,5.55,12.95,57.89,61.17,-119.23,26.38,-0.28,-0.02,17.00,7000.00,-35.00,0.00,0.00
360415.00,2019-07-02 21:32:24.415,31.78,1688.93,0.00,1.51,0.00,2.00,1.00,361.28,5.55,12.82,57.91,61.23,-119.23,26.38,-0.26,-0.04,17.00,7000.00,-35.00,0.00,0.00
360515.00,2019-07-02 21:32:24.515,31.80,1689.87,0.00,1.51,0.00,2.00,1.00,361.48,5.55,12.93,57.91,61.23,-117.95,26.30,-0.30,-0.02,17.00,7000.00,-35.00,0.00,0.00
360615.00,2019-07-02 21:32:24.615,31.78,1690.68,0.00,1.51,0.00,2.00,1.00,361.65,5.55,12.97,57.89,61.23,-117.95,26.30,-0.28,-0.01,17.00,7000.00,-35.00,0.00,0.00
360715.00,2019-07-02 21:32:24.715,31.76,1691.62,0.00,1.51,0.00,2.00,1.00,361.85,5.55,12.79,57.89,61.23,-116.98,26.30,-0.27,-0.01,17.00,7000.00,-35.00,0.00,0.00
360815.00,2019-07-02 21:32:24.815,31.77,1692.44,0.00,1.51,0.00,2.00,1.00,362.03,5.55,12.95,57.89,61.23,-116.98,26.30,-0.29,-0.01,17.00,7000.00,-35.00,0.00,0.00
360915.00,2019-07-02 21:32:24.915,31.72,1693.38,0.00,1.51,0.00,2.00,1.00,362.23,5.55,12.95,57.95,61.28,-116.98,26.27,-0.27,-0.03,17.00,7000.00,-35.00,0.00,0.00
361015.00,2019-07-02 21:32:25.015,31.69,1694.20,0.00,1.51,0.00,2.00,1.00,362.40,5.55,12.80,57.95,61.28,-116.01,26.27,-0.29,-0.02,17.00,7000.00,-35.00,0.00,0.00
361115.00,2019-07-02 21:32:25.115,31.68,1695.13,0.00,1.51,0.00,2.00,1.00,362.60,5.55,12.97,57.95,61.28,-116.01,26.27,-0.26,-0.02,17.00,7000.00,-35.00,0.00,0.00
361215.00,2019-07-02 21:32:25.215,31.66,1695.95,0.00,1.51,0.00,2.00,1.00,362.78,5.55,12.93,57.89,61.30,-114.81,26.27,-0.28,-0.01,17.00,7000.00,-35.00,0.00,0.00
361315.00,2019-07-02 21:32:25.315,31.67,1696.89,0.00,1.51,0.00,2.00,1.00,362.98,5.55,12.82,57.89,61.30,-114.81,26.39,-0.26,-0.03,17.00,7000.00,-35.00,0.00,0.00
361415.00,2019-07-02 21:32:25.415,31.58,1697.71,0.00,1.51,0.00,2.00,1.00,363.15,5.55,12.94,57.95,61.38,-114.81,26.39,-0.26,-0.03,17.00,7000.00,-35.00,0.00,0.00
361515.00,2019-07-02 21:32:25.515,31.54,1698.64,0.00,1.51,0.00,2.00,1.00,363.35,5.55,12.95,57.95,61.38,-113.77,26.39,-0.29,-0.02,17.00,7000.00,-35.00,0.00,0.00
361615.00,2019-07-02 21:32:25.615,31.56,1699.46,0.00,1.51,0.00,2.00,1.00,363.53,5.55,12.82,57.95,61.38,-113.77,26.39,-0.26,-0.02,17.00,7000.00,-35.00,0.00,0.00
361715.00,2019-07-02 21:32:25.715,31.56,1700.40,0.00,1.51,0.00,2.00,1.00,363.73,5.55,12.93,57.93,61.38,-113.77,26.38,-0.30,-0.02,17.00,7000.00,-35.00,0.00,0.00
361815.00,2019-07-02 21:32:25.815,31.56,1701.22,0.00,1.51,0.00,2.00,1.00,363.91,5.55,12.97,57.93,61.38,-112.82,26.38,-0.28,-0.04,17.00,7000.00,-35.00,0.00,0.00
361915.00,2019-07-02 21:32:25.915,31.51,1702.15,0.00,1.51,0.00,2.00,1.00,364.11,5.55,12.78,57.96,61.44,-112.82,26.38,-0.27,-0.02,17.00,7000.00,-35.00,0.00,0.00
362015.00,2019-07-02 21:32:26.015,31.46,1702.97,0.00,1.51,0.00,2.00,1.00,364.28,5.55,12.95,57.96,61.44,-111.90,26.38,-0.28,-0.02,17.00,7000.00,-35.00,0.00,0.00
362115.00,2019-07-02 21:32:26.115,31.50,1703.91,0.00,1.51,0.00,2.00,1.00,364.48,5.55,12.95,57.96,61.44,-111.90,26.41,-0.27,-0.02,17.00,7000.00,-35.00,0.00,0.00
362215.00,2019-07-02 21:32:26.215,31.46,1704.73,0.00,1.51,0.00,2.00,1.00,364.66,5.55,12.80,58.00,61.43,-111.90,26.41,-0.29,-0.04,17.00,7000.00,-35.00,0.00,0.00
362315.00,2019-07-02 21:32:26.315,31.45,1705.55,0.00,1.51,0.00,2.00,1.00,364.83,5.55,12.97,58.00,61.43,-110.84,26.41,-0.25,-0.03,17.00,7000.00,-35.00,0.00,0.00
362415.00,2019-07-02 21:32:26.415,31.43,1706.48,0.00,1.51,0.00,2.00,1.00,365.03,5.55,12.93,58.00,61.53,-110.84,26.41,-0.28,-0.03,17.00,7000.00,-35.00,0.00,0.00
362515.00,2019-07-02 21:32:26.515,31.37,1707.30,0.00,1.51,0.00,2.00,1.00,365.21,5.55,12.82,58.01,61.53,-109.90,26.63,-0.28,-0.03,17.00,7000.00,-35.00,0.00,0.00
362615.00,2019-07-02 21:32:26.615,31.37,1708.24,0.00,1.51,0.00,2.00,1.00,365.41,5.55,12.94,58.01,61.53,-109.90,26.63,-0.27,-0.03,17.00,7000.00,-35.00,0.00,0.00
362715.00,2019-07-02 21:32:26.715,31.39,1709.06,0.00,1.51,0.00,2.00,1.00,365.58,5.55,12.95,57.98,61.48,-109.90,26.63,-0.28,-0.04,17.00,7000.00,-35.00,0.00,0.00
362815.00,2019-07-02 21:32:26.815,31.26,1710.00,0.00,1.51,0.00,2.00,1.00,365.78,5.55,12.82,57.98,61.48,-109.05,26.63,-0.26,-0.03,17.00,7000.00,-35.00,0.00,0.00
362915.00,2019-07-02 21:32:26.915,31.31,1710.81,0.00,1.51,0.00,2.00,1.00,365.96,5.55,12.93,57.98,61.55,-109.05,26.66,-0.29,-0.02,17.00,7000.00,-35.00,0.00,0.00
363015.00,2019-07-02 21:32:27.015,31.28,1711.63,0.00,1.51,0.00,2.00,1.00,366.13,5.55,12.96,58.03,61.55,-109.05,26.66,-0.29,-0.03,17.00,7000.00,-35.00,0.00,0.00
363115.00,2019-07-02 21:32:27.115,31.26,1712.57,0.00,1.51,0.00,2.00,1.00,366.33,5.55,12.79,58.03,61.55,-107.98,26.66,-0.27,-0.04,17.00,7000.00,-35.00,0.00,0.00
363215.00,2019-07-02 21:32:27.215,31.18,1713.39,0.00,1.51,0.00,2.00,1.00,366.51,5.55,12.96,58.05,61.59,-107.98,26.66,-0.29,-0.02,17.00,7000.00,-35.00,0.00,0.00
363315.00,2019-07-02 21:32:27.315,31.25,1714.21,0.00,1.51,0.00,2.00,1.00,366.68,5.55,12.95,58.05,61.59,-107.18,26.55,-0.27,-0.02,17.00,7000.00,-35.00,0.00,0.00
363415.00,2019-07-02 21:32:27.415,31.10,1715.14,0.00,1.51,0.00,2.00,1.00,366.88,5.55,12.80,58.05,61.65,-107.18,26.55,-0.28,-0.03,17.00,7000.00,-35.00,0.00,0.00
363515.00,2019-07-02 21:32:27.515,31.20,1715.96,0.00,1.51,0.00,2.00,1.00,367.06,5.55,12.96,58.14,61.65,-107.18,26.55,-0.26,-0.04,17.00,7000.00,-35.00,0.00,0.00
363615.00,2019-07-02 21:32:27.615,31.09,1716.90,0.00,1.51,0.00,2.00,1.00,367.26,5.55,12.93,58.14,61.65,-106.26,26.55,-0.27,-0.03,17.00,7000.00,-35.00,0.00,0.00
363715.00,2019-07-02 21:32:27.715,31.04,1717.72,0.00,1.51,0.00,2.00,1.00,367.44,5.55,12.82,58.14,61.66,-106.26,26.56,-0.27,-0.03,17.00,7000.00,-35.00,0.00,0.00
363815.00,2019-07-02 21:32:27.815,31.03,1718.54,0.00,1.51,0.00,2.00,1.00,367.61,5.55,12.94,57.94,61.66,-105.68,26.56,-0.27,-0.02,17.00,7000.00,-35.00,0.00,0.00
363915.00,2019-07-02 21:32:27.915,31.08,1719.47,0.00,1.51,0.00,2.00,1.00,367.81,5.55,12.95,57.94,61.72,-105.68,26.56,-0.28,-0.03,17.00,7000.00,-35.00,0.00,0.00
364015.00,2019-07-02 21:32:28.015,31.12,1720.29,0.00,1.51,0.00,2.00,1.00,367.99,5.55,12.82,58.05,61.72,-105.68,26.56,-0.26,-0.02,17.00,7000.00,-35.00,0.00,0.00
364115.00,2019-07-02 21:32:28.115,31.07,1721.11,0.00,1.51,0.00,2.00,1.00,368.16,5.55,12.94,58.05,61.72,-104.65,26.46,-0.29,-0.03,17.00,7000.00,-35.00,0.00,0.00
364215.00,2019-07-02 21:32:28.215,31.00,1722.05,0.00,1.51,0.00,2.00,1.00,368.36,5.55,12.96,58.05,61.78,-104.65,26.46,-0.28,-0.02,17.00,7000.00,-35.00,0.00,0.00
364315.00,2019-07-02 21:32:28.315,30.95,1722.75,0.00,1.51,0.00,2.00,1.00,368.51,5.55,12.79,58.14,61.78,-104.65,26.46,-0.28,-0.02,17.00,7000.00,-35.00,0.00,0.00
364415.00,2019-07-02 21:32:28.415,31.07,1723.69,0.00,1.51,0.00,2.00,1.00,368.71,5.55,12.96,58.14,61.78,-103.95,26.46,-0.28,-0.02,17.00,7000.00,-35.00,0.00,0.00
364515.00,2019-07-02 21:32:28.515,30.94,1724.51,0.00,1.51,0.00,2.00,1.00,368.89,5.55,12.95,58.15,61.78,-103.95,26.37,-0.27,-0.03,17.00,7000.00,-35.00,0.00,0.00
364615.00,2019-07-02 21:32:28.615,30.99,1725.33,0.00,1.51,0.00,2.00,1.00,369.06,5.55,12.80,58.15,61.78,-103.10,26.37,-0.28,-0.02,17.00,7000.00,-35.00,0.00,0.00
364715.00,2019-07-02 21:32:28.715,30.83,1726.26,0.00,1.51,0.00,2.00,1.00,369.26,5.55,12.97,58.15,61.86,-103.10,26.37,-0.26,-0.02,17.00,7000.00,-35.00,0.00,0.00
364815.00,2019-07-02 21:32:28.815,30.90,1727.08,0.00,1.51,0.00,2.00,1.00,369.44,5.55,12.93,58.12,61.86,-103.10,26.37,-0.28,-0.03,17.00,7000.00,-35.00,0.00,0.00
364915.00,2019-07-02 21:32:28.915,30.82,1727.90,0.00,1.51,0.00,2.00,1.00,369.61,5.55,12.82,58.12,61.81,-102.33,26.30,-0.28,-0.03,17.00,7000.00,-35.00,0.00,0.00
365015.00,2019-07-02 21:32:29.015,30.85,1728.84,0.00,1.51,0.00,2.00,1.00,369.81,5.55,12.94,58.12,61.81,-102.33,26.30,-0.27,-0.02,17.00,7000.00,-35.00,0.00,0.00
365115.00,2019-07-02 21:32:29.115,30.78,1729.66,0.00,1.51,0.00,2.00,1.00,369.99,5.55,12.95,58.09,61.81,-101.55,26.30,-0.29,-0.01,17.00,7000.00,-35.00,0.00,0.00
365215.00,2019-07-02 21:32:29.215,30.88,1730.48,0.00,1.51,0.00,2.00,1.00,370.16,5.55,12.82,58.09,61.88,-101.55,26.30,-0.26,-0.03,17.00,7000.00,-35.00,0.00,0.00
365315.00,2019-07-02 21:32:29.315,30.80,1731.41,0.00,1.51,0.00,2.00,1.00,370.36,5.55,12.93,58.05,61.88,-101.55,26.32,-0.31,-0.04,17.00,7000.00,-35.00,0.00,0.00
365415.00,2019-07-02 21:32:29.415,30.82,1732.23,0.00,1.51,0.00,2.00,1.00,370.54,5.55,12.96,58.05,61.92,-100.83,26.32,-0.27,-0.02,17.00,7000.00,-35.00,0.00,0.00
365515.00,2019-07-02 21:32:29.515,30.79,1733.05,0.00,1.51,0.00,2.00,1.00,370.71,5.55,12.79,58.05,61.92,-100.83,26.32,-0.27,-0.01,17.00,7000.00,-35.00,0.00,0.00
365615.00,2019-07-02 21:32:29.615,30.78,1733.87,0.00,1.51,0.00,2.00,1.00,370.89,5.55,12.97,58.08,61.92,-100.83,26.32,-0.28,-0.02,17.00,7000.00,-35.00,0.00,0.00
365715.00,2019-07-02 21:32:29.715,30.73,1734.81,0.00,1.51,0.00,2.00,1.00,371.09,5.55,12.78,58.08,61.92,-100.12,26.54,-0.28,-0.02,17.00,7000.00,-35.00,0.00,0.00
365815.00,2019-07-02 21:32:29.815,30.74,1735.63,0.00,1.51,0.00,2.00,1.00,371.27,5.55,12.96,58.08,61.92,-100.12,26.54,-0.29,-0.03,17.00,7000.00,-35.00,0.00,0.00
365915.00,2019-07-02 21:32:29.915,30.75,1736.44,0.00,1.51,0.00,2.00,1.00,371.44,5.55,12.94,58.01,62.02,-99.35,26.54,-0.26,-0.02,17.00,7000.00,-35.00,0.00,0.00
366015.00,2019-07-02 21:32:30.015,30.67,1737.38,0.00,1.51,0.00,2.00,1.00,371.64,5.55,12.81,58.01,62.02,-99.35,26.54,-0.27,-0.04,17.00,7000.00,-35.00,0.00,0.00
366115.00,2019-07-02 21:32:30.115,30.70,1738.20,0.00,1.51,0.00,2.00,1.00,371.82,5.55,12.96,58.09,62.02,-99.35,26.87,-0.29,-0.05,17.00,7000.00,-35.00,0.00,0.00
366215.00,2019-07-02 21:32:30.215,30.65,1739.02,0.00,1.51,0.00,2.00,1.00,371.99,5.55,12.83,58.09,62.04,-98.77,26.87,-0.27,-0.03,17.00,7000.00,-35.00,0.00,0.00
366315.00,2019-07-02 21:32:30.315,30.64,1739.84,0.00,1.51,0.00,2.00,1.00,372.17,5.55,12.93,58.09,62.04,-98.77,26.87,-0.28,-0.02,17.00,7000.00,-35.00,0.00,0.00
366415.00,2019-07-02 21:32:30.415,30.61,1740.78,0.00,1.51,0.00,2.00,1.00,372.37,5.55,12.94,58.20,62.00,-97.97,26.87,-0.26,-0.02,17.00,7000.00,-35.00,0.00,0.00
366515.00,2019-07-02 21:32:30.515,30.65,1741.59,0.00,1.51,0.00,2.00,1.00,372.54,5.55,12.96,58.20,62.00,-97.97,26.61,-0.30,-0.01,17.00,7000.00,-35.00,0.00,0.00
366615.00,2019-07-02 21:32:30.615,30.57,1742.41,0.00,1.51,0.00,2.00,1.00,372.72,5.55,12.81,58.16,62.00,-97.97,26.61,-0.29,-0.02,17.00,7000.00,-35.00,0.00,0.00
366715.00,2019-07-02 21:32:30.715,30.60,1743.23,0.00,1.51,0.00,2.00,1.00,372.89,5.55,12.96,58.16,62.09,-97.30,26.61,-0.27,-0.01,17.00,7000.00,-35.00,0.00,0.00
366815.00,2019-07-02 21:32:30.815,30.51,1744.17,0.00,1.51,0.00,2.00,1.00,373.09,5.55,12.79,58.16,62.09,-97.30,26.61,-0.28,-0.02,17.00,7000.00,-35.00,0.00,0.00
366915.00,2019-07-02 21:32:30.915,30.53,1744.99,0.00,1.51,0.00,2.00,1.00,373.27,5.55,12.79,58.09,62.06,-97.30,26.41,-0.26,-0.02,17.00,7000.00,-35.00,0.00,0.00
367015.00,2019-07-02 21:32:31.015,30.50,1745.81,0.00,1.51,0.00,2.00,1.00,373.44,5.55,12.97,58.09,62.06,-96.57,26.41,-0.29,-0.04,17.00,7000.00,-35.00,0.00,0.00
367115.00,2019-07-02 21:32:31.115,30.49,1746.63,0.00,1.51,0.00,2.00,1.00,373.62,5.55,12.95,58.09,62.06,-96.57,26.41,-0.26,-0.02,17.00,7000.00,-35.00,0.00,0.00
367215.00,2019-07-02 21:32:31.215,30.45,1747.45,0.00,1.51,0.00,2.00,1.00,373.79,5.55,12.95,58.17,62.09,-95.91,26.41,-0.28,-0.02,17.00,7000.00,-35.00,0.00,0.00
367315.00,2019-07-02 21:32:31.315,30.50,1748.38,0.00,1.51,0.00,2.00,1.00,373.99,5.55,12.96,58.17,62.09,-95.91,26.18,-0.28,-0.03,17.00,7000.00,-35.00,0.00,0.00
367415.00,2019-07-02 21:32:31.415,30.43,1749.20,0.00,1.51,0.00,2.00,1.00,374.17,5.55,12.83,58.08,62.11,-95.91,26.18,-0.27,-0.02,17.00,7000.00,-35.00,0.00,0.00
367515.00,2019-07-02 21:32:31.515,30.36,1750.02,0.00,1.51,0.00,2.00,1.00,374.34,5.55,12.83,58.08,62.11,-95.33,26.18,-0.28,-0.03,17.00,7000.00,-35.00,0.00,0.00
367615.00,2019-07-02 21:32:31.615,30.37,1750.84,0.00,1.51,0.00,2.00,1.00,374.52,5.55,12.96,58.08,62.11,-95.33,26.18,-0.26,-0.02,17.00,7000.00,-35.00,0.00,0.00
367715.00,2019-07-02 21:32:31.715,30.40,1751.66,0.00,1.51,0.00,2.00,1.00,374.70,5.55,12.96,58.12,62.13,-94.70,26.01,-0.30,-0.02,17.00,7000.00,-35.00,0.00,0.00
367815.00,2019-07-02 21:32:31.815,30.38,1752.60,0.00,1.51,0.00,2.00,1.00,374.90,5.55,12.81,58.12,62.13,-94.70,26.01,-0.28,-0.03,17.00,7000.00,-35.00,0.00,0.00
367915.00,2019-07-02 21:32:31.915,30.34,1753.41,0.00,1.51,0.00,2.00,1.00,375.07,5.55,12.94,58.16,62.21,-94.70,26.01,-0.27,-0.02,17.00,7000.00,-35.00,0.00,0.00
368015.00,2019-07-02 21:32:32.015,30.32,1754.23,0.00,1.51,0.00,2.00,1.00,375.25,5.55,12.97,58.16,62.21,-94.09,26.01,-0.27,-0.02,17.00,7000.00,-35.00,0.00,0.00
368115.00,2019-07-02 21:32:32.115,30.31,1755.05,0.00,1.51,0.00,2.00,1.00,375.42,5.55,12.78,58.16,62.21,-94.09,25.95,-0.27,-0.03,17.00,7000.00,-35.00,0.00,0.00
368215.00,2019-07-02 21:32:32.215,30.31,1755.87,0.00,1.51,0.00,2.00,1.00,375.60,5.55,12.96,58.20,62.20,-94.09,25.95,-0.29,-0.04,17.00,7000.00,-35.00,0.00,0.00
368315.00,2019-07-02 21:32:32.315,30.23,1756.69,0.00,1.51,0.00,2.00,1.00,375.77,5.55,12.95,58.20,62.20,-93.51,25.95,-0.29,-0.03,17.00,7000.00,-35.00,0.00,0.00
368415.00,2019-07-02 21:32:32.415,30.18,1757.63,0.00,1.51,0.00,2.00,1.00,375.97,5.55,12.95,58.20,62.24,-93.51,25.95,-0.29,-0.02,17.00,7000.00,-35.00,0.00,0.00
368515.00,2019-07-02 21:32:32.515,30.21,1758.45,0.00,1.51,0.00,2.00,1.00,376.15,5.55,12.96,58.19,62.24,-92.83,25.79,-0.28,-0.01,17.00,7000.00,-35.00,0.00,0.00
368615.00,2019-07-02 21:32:32.615,30.27,1759.27,0.00,1.51,0.00,2.00,1.00,376.32,5.55,12.93,58.19,62.24,-92.83,25.79,-0.27,-0.03,17.00,7000.00,-35.00,0.00,0.00
368715.00,2019-07-02 21:32:32.715,30.14,1760.09,0.00,1.51,0.00,2.00,1.00,376.50,5.55,12.82,58.22,62.32,-92.83,25.79,-0.28,-0.02,17.00,7000.00,-35.00,0.00,0.00
368815.00,2019-07-02 21:32:32.815,30.12,1760.91,0.00,1.51,0.00,2.00,1.00,376.67,5.55,12.94,58.22,62.32,-92.30,25.79,-0.26,-0.02,17.00,7000.00,-35.00,0.00,0.00
368915.00,2019-07-02 21:32:32.915,30.10,1761.61,0.00,1.51,0.00,2.00,1.00,376.82,5.55,12.96,58.22,62.30,-92.30,25.69,-0.29,-0.00,17.00,7000.00,-35.00,0.00,0.00
369015.00,2019-07-02 21:32:33.015,30.10,1762.54,0.00,1.51,0.00,2.00,1.00,377.02,5.55,12.81,58.14,62.30,-91.59,25.69,-0.27,-0.02,17.00,7000.00,-35.00,0.00,0.00
369115.00,2019-07-02 21:32:33.115,30.09,1763.36,0.00,1.51,0.00,2.00,1.00,377.20,5.55,12.95,58.14,62.30,-91.59,25.69,-0.28,-0.03,17.00,7000.00,-35.00,0.00,0.00
369215.00,2019-07-02 21:32:33.215,29.96,1764.18,0.00,1.51,0.00,2.00,1.00,377.37,5.55,12.97,58.21,62.30,-91.59,25.69,-0.29,-0.03,17.00,7000.00,-35.00,0.00,0.00
369315.00,2019-07-02 21:32:33.315,30.00,1765.00,0.00,1.51,0.00,2.00,1.00,377.55,5.55,12.97,58.21,62.30,-91.13,25.61,-0.27,-0.03,17.00,7000.00,-35.00,0.00,0.00
369415.00,2019-07-02 21:32:33.415,30.03,1765.82,0.00,1.51,0.00,2.00,1.00,377.72,5.55,12.96,58.21,62.39,-91.13,25.61,-0.29,-0.04,17.00,7000.00,-35.00,0.00,0.00
369515.00,2019-07-02 21:32:33.515,29.93,1766.64,0.00,1.51,0.00,2.00,1.00,377.90,5.55,12.94,58.22,62.39,-91.13,25.61,-0.28,-0.02,17.00,7000.00,-35.00,0.00,0.00
369615.00,2019-07-02 21:32:33.615,30.00,1767.46,0.00,1.51,0.00,2.00,1.00,378.08,5.55,12.95,58.22,62.39,-90.56,25.61,-0.27,-0.03,17.00,7000.00,-35.00,0.00,0.00
369715.00,2019-07-02 21:32:33.715,29.95,1768.28,0.00,1.51,0.00,2.00,1.00,378.25,5.55,12.96,58.22,62.41,-90.56,25.57,-0.28,-0.03,17.00,7000.00,-35.00,0.00,0.00
369815.00,2019-07-02 21:32:33.815,29.98,1769.10,0.00,1.51,0.00,2.00,1.00,378.43,5.55,12.83,58.20,62.41,-89.97,25.57,-0.27,-0.04,17.00,7000.00,-35.00,0.00,0.00
369915.00,2019-07-02 21:32:33.915,29.93,1769.92,0.00,1.51,0.00,2.00,1.00,378.60,5.55,12.83,58.20,62.34,-89.97,25.57,-0.28,-0.01,17.00,7000.00,-35.00,0.00,0.00
370015.00,2019-07-02 21:32:34.015,29.89,1770.85,0.00,1.51,0.00,2.00,1.00,378.80,5.55,12.96,58.14,62.34,-89.97,25.57,-0.25,-0.03,17.00,7000.00,-35.00,0.00,0.00
370115.00,2019-07-02 21:32:34.115,29.93,1771.67,0.00,1.51,0.00,2.00,1.00,378.98,5.55,12.96,58.14,62.34,-89.32,25.34,-0.29,-0.03,17.00,7000.00,-35.00,0.00,0.00
370215.00,2019-07-02 21:32:34.215,29.90,1772.49,0.00,1.51,0.00,2.00,1.00,379.15,5.55,12.95,58.14,62.32,-89.32,25.34,-0.29,-0.04,17.00,7000.00,-35.00,0.00,0.00
370315.00,2019-07-02 21:32:34.315,29.82,1773.31,0.00,1.51,0.00,2.00,1.00,379.33,5.55,12.94,58.22,62.32,-88.89,25.34,-0.29,-0.01,17.00,7000.00,-35.00,0.00,0.00
370415.00,2019-07-02 21:32:34.415,29.81,1774.13,0.00,1.51,0.00,2.00,1.00,379.50,5.55,12.80,58.22,62.37,-88.89,25.34,-0.28,-0.02,17.00,7000.00,-35.00,0.00,0.00
370515.00,2019-07-02 21:32:34.515,29.87,1774.95,0.00,1.51,0.00,2.00,1.00,379.68,5.55,12.79,58.20,62.37,-88.89,25.17,-0.27,-0.02,17.00,7000.00,-35.00,0.00,0.00
370615.00,2019-07-02 21:32:34.615,29.82,1775.77,0.00,1.51,0.00,2.00,1.00,379.85,5.55,12.93,58.20,62.37,-88.38,25.17,-0.29,-0.03,17.00,7000.00,-35.00,0.00,0.00
370715.00,2019-07-02 21:32:34.715,29.75,1776.59,0.00,1.51,0.00,2.00,1.00,380.03,5.55,12.95,58.20,62.41,-88.38,25.17,-0.28,-0.01,17.00,7000.00,-35.00,0.00,0.00
370815.00,2019-07-02 21:32:34.815,29.78,1777.41,0.00,1.51,0.00,2.00,1.00,380.20,5.55,12.81,58.20,62.41,-88.38,25.17,-0.27,-0.01,17.00,7000.00,-35.00,0.00,0.00
370915.00,2019-07-02 21:32:34.915,29.76,1778.23,0.00,1.51,0.00,2.00,1.00,380.38,5.55,12.94,58.20,62.37,-87.91,25.19,-0.28,-0.02,17.00,7000.00,-35.00,0.00,0.00
371015.00,2019-07-02 21:32:35.015,29.72,1779.05,0.00,1.51,0.00,2.00,1.00,380.55,5.55,12.93,58.20,62.37,-87.91,25.19,-0.27,-0.04,17.00,7000.00,-35.00,0.00,0.00
371115.00,2019-07-02 21:32:35.115,29.63,1779.86,0.00,1.51,0.00,2.00,1.00,380.73,5.55,12.82,58.23,62.37,-87.38,25.19,-0.28,-0.02,17.00,7000.00,-35.00,0.00,0.00
371215.00,2019-07-02 21:32:35.215,29.69,1780.68,0.00,1.51,0.00,2.00,1.00,380.90,5.55,12.93,58.23,62.48,-87.38,25.19,-0.26,-0.02,17.00,7000.00,-35.00,0.00,0.00
371315.00,2019-07-02 21:32:35.315,29.71,1781.50,0.00,1.51,0.00,2.00,1.00,381.08,5.55,12.80,58.16,62.48,-87.38,25.08,-0.31,-0.04,17.00,7000.00,-35.00,0.00,0.00
371415.00,2019-07-02 21:32:35.415,29.64,1782.32,0.00,1.51,0.00,2.00,1.00,381.25,5.55,12.94,58.16,62.48,-86.86,25.08,-0.27,-0.03,17.00,7000.00,-35.00,0.00,0.00
371515.00,2019-07-02 21:32:35.515,29.60,1783.14,0.00,1.51,0.00,2.00,1.00,381.43,5.55,12.96,58.16,62.48,-86.86,25.08,-0.29,-0.01,17.00,7000.00,-35.00,0.00,0.00
371615.00,2019-07-02 21:32:35.615,29.61,1783.96,0.00,1.51,0.00,2.00,1.00,381.61,5.55,12.97,58.17,62.48,-86.30,25.08,-0.30,-0.02,17.00,7000.00,-35.00,0.00,0.00
371715.00,2019-07-02 21:32:35.715,29.59,1784.78,0.00,1.51,0.00,2.00,1.00,381.78,5.55,12.78,58.17,62.46,-86.30,24.94,-0.27,-0.03,17.00,7000.00,-35.00,0.00,0.00
371815.00,2019-07-02 21:32:35.815,29.56,1785.60,0.00,1.51,0.00,2.00,1.00,381.96,5.55,12.96,58.24,62.46,-86.30,24.94,-0.31,-0.02,17.00,7000.00,-35.00,0.00,0.00
371915.00,2019-07-02 21:32:35.915,29.55,1786.42,0.00,1.51,0.00,2.00,1.00,382.13,5.55,12.94,58.24,62.43,-85.99,24.94,-0.27,-0.02,17.00,7000.00,-35.00,0.00,0.00
372015.00,2019-07-02 21:32:36.015,29.55,1787.24,0.00,1.51,0.00,2.00,1.00,382.31,5.55,12.81,58.24,62.43,-85.99,24.94,-0.27,-0.04,17.00,7000.00,-35.00,0.00,0.00
372115.00,2019-07-02 21:32:36.115,29.50,1788.06,0.00,1.51,0.00,2.00,1.00,382.48,5.55,12.96,58.23,62.43,-85.99,24.77,-0.28,-0.03,17.00,7000.00,-35.00,0.00,0.00
372215.00,2019-07-02 21:32:36.215,29.51,1788.88,0.00,1.51,0.00,2.00,1.00,382.66,5.55,12.83,58.23,62.50,-85.45,24.77,-0.27,-0.02,17.00,7000.00,-35.00,0.00,0.00
372315.00,2019-07-02 21:32:36.315,29.47,1789.70,0.00,1.51,0.00,2.00,1.00,382.83,5.55,12.83,58.23,62.50,-85.45,24.77,-0.28,-0.03,17.00,7000.00,-35.00,0.00,0.00
372415.00,2019-07-02 21:32:36.415,29.50,1790.52,0.00,1.51,0.00,2.00,1.00,383.01,5.55,12.93,58.35,62.53,-85.12,24.77,-0.25,-0.01,17.00,7000.00,-35.00,0.00,0.00
372515.00,2019-07-02 21:32:36.515,29.40,1791.33,0.00,1.51,0.00,2.00,1.00,383.18,5.55,12.96,58.35,62.53,-85.12,24.62,-0.30,-0.03,17.00,7000.00,-35.00,0.00,0.00
372615.00,2019-07-02 21:32:36.615,29.39,1792.15,0.00,1.51,0.00,2.00,1.00,383.36,5.55,12.95,58.27,62.53,-85.12,24.62,-0.27,-0.02,17.00,7000.00,-35.00,0.00,0.00
372715.00,2019-07-02 21:32:36.715,29.37,1792.97,0.00,1.51,0.00,2.00,1.00,383.53,5.55,12.94,58.27,62.57,-84.54,24.62,-0.27,-0.03,17.00,7000.00,-35.00,0.00,0.00
372815.00,2019-07-02 21:32:36.815,29.39,1793.79,0.00,1.51,0.00,2.00,1.00,383.71,5.55,12.78,58.27,62.57,-84.54,24.62,-0.29,-0.04,17.00,7000.00,-35.00,0.00,0.00
372915.00,2019-07-02 21:32:36.915,29.32,1794.61,0.00,1.51,0.00,2.00,1.00,383.88,5.55,12.78,58.21,62.50,-84.02,24.46,-0.26,-0.02,17.00,7000.00,-35.00,0.00,0.00
373015.00,2019-07-02 21:32:37.015,29.35,1795.43,0.00,1.51,0.00,2.00,1.00,384.06,5.55,12.96,58.21,62.50,-84.02,24.46,-0.28,-0.03,17.00,7000.00,-35.00,0.00,0.00
373115.00,2019-07-02 21:32:37.115,29.30,1796.25,0.00,1.51,0.00,2.00,1.00,384.23,5.55,12.94,58.22,62.50,-84.02,24.46,-0.27,-0.03,17.00,7000.00,-35.00,0.00,0.00
373215.00,2019-07-02 21:32:37.215,29.28,1797.07,0.00,1.51,0.00,2.00,1.00,384.41,5.55,12.95,58.22,62.57,-83.55,24.46,-0.27,-0.04,17.00,7000.00,-35.00,0.00,0.00
373315.00,2019-07-02 21:32:37.315,29.25,1797.89,0.00,1.51,0.00,2.00,1.00,384.58,5.55,12.97,58.22,62.57,-83.55,24.48,-0.27,-0.02,17.00,7000.00,-35.00,0.00,0.00
373415.00,2019-07-02 21:32:37.415,29.24,1798.71,0.00,1.51,0.00,2.00,1.00,384.76,5.55,12.93,58.20,62.44,-83.55,24.48,-0.26,-0.03,17.00,7000.00,-35.00,0.00,0.00
373515.00,2019-07-02 21:32:37.515,29.27,1799.53,0.00,1.51,0.00,2.00,1.00,384.93,5.55,12.93,58.20,62.44,-83.09,24.48,-0.28,-0.03,17.00,7000.00,-35.00,0.00,0.00
373615.00,2019-07-02 21:32:37.615,29.19,1800.23,0.00,1.51,0.00,2.00,1.00,385.08,5.55,12.94,58.20,62.44,-83.09,24.48,-0.26,-0.02,17.00,7000.00,-35.00,0.00,0.00
373715.00,2019-07-02 21:32:37.715,29.16,1801.05,0.00,1.51,0.00,2.00,1.00,385.26,5.55,12.80,58.27,62.58,-82.70,24.33,-0.30,-0.01,17.00,7000.00,-35.00,0.00,0.00
373815.00,2019-07-02 21:32:37.815,29.18,1801.87,0.00,1.51,0.00,2.00,1.00,385.44,5.55,12.81,58.27,62.58,-82.70,24.33,-0.27,-0.03,17.00,7000.00,-35.00,0.00,0.00
373915.00,2019-07-02 21:32:37.915,29.14,1802.69,0.00,1.51,0.00,2.00,1.00,385.61,5.55,12.96,58.29,62.64,-82.70,24.33,-0.28,-0.02,17.00,7000.00,-35.00,0.00,0.00
374015.00,2019-07-02 21:32:38.015,29.12,1803.51,0.00,1.51,0.00,2.00,1.00,385.79,5.55,12.97,58.29,62.64,-82.20,24.33,-0.28,-0.03,17.00,7000.00,-35.00,0.00,0.00
374115.00,2019-07-02 21:32:38.115,29.11,1804.33,0.00,1.51,0.00,2.00,1.00,385.96,5.55,12.78,58.29,62.64,-82.20,24.27,-0.26,-0.02,17.00,7000.00,-35.00,0.00,0.00
374215.00,2019-07-02 21:32:38.215,29.11,1805.14,0.00,1.51,0.00,2.00,1.00,386.14,5.55,12.93,58.24,62.60,-81.80,24.27,-0.29,-0.04,17.00,7000.00,-35.00,0.00,0.00
374315.00,2019-07-02 21:32:38.315,29.11,1805.96,0.00,1.51,0.00,2.00,1.00,386.31,5.55,12.94,58.24,62.60,-81.80,24.27,-0.26,-0.04,17.00,7000.00,-35.00,0.00,0.00
374415.00,2019-07-02 21:32:38.415,29.07,1806.78,0.00,1.51,0.00,2.00,1.00,386.49,5.55,12.81,58.22,62.66,-81.80,24.27,-0.28,-0.01,17.00,7000.00,-35.00,0.00,0.00
374515.00,2019-07-02 21:32:38.515,29.02,1807.60,0.00,1.51,0.00,2.00,1.00,386.66,5.55,12.94,58.22,62.66,-81.45,24.16,-0.27,-0.01,17.00,7000.00,-35.00,0.00,0.00
374615.00,2019-07-02 21:32:38.615,29.04,1808.30,0.00,1.51,0.00,2.00,1.00,386.81,5.55,12.92,58.22,62.66,-81.45,24.16,-0.27,-0.04,17.00,7000.00,-35.00,0.00,0.00
374715.00,2019-07-02 21:32:38.715,29.01,1809.12,0.00,1.51,0.00,2.00,1.00,386.99,5.55,12.82,58.30,62.53,-81.45,24.16,-0.28,-0.02,17.00,7000.00,-35.00,0.00,0.00
374815.00,2019-07-02 21:32:38.815,28.98,1809.94,0.00,1.51,0.00,2.00,1.00,387.16,5.55,12.97,58.30,62.53,-80.86,24.16,-0.26,-0.01,17.00,7000.00,-35.00,0.00,0.00
374915.00,2019-07-02 21:32:38.915,28.91,1810.76,0.00,1.51,0.00,2.00,1.00,387.34,5.55,12.96,58.30,62.63,-80.86,24.09,-0.29,-0.03,17.00,7000.00,-35.00,0.00,0.00
375015.00,2019-07-02 21:32:39.015,28.99,1811.58,0.00,1.51,0.00,2.00,1.00,387.51,5.55,12.81,58.27,62.63,-80.59,24.09,-0.28,-0.04,17.00,7000.00,-35.00,0.00,0.00
375115.00,2019-07-02 21:32:39.115,28.94,1812.40,0.00,1.51,0.00,2.00,1.00,387.69,5.55,12.97,58.27,62.63,-80.59,24.09,-0.27,-0.02,17.00,7000.00,-35.00,0.00,0.00
375215.00,2019-07-02 21:32:39.215,28.87,1813.22,0.00,1.51,0.00,2.00,1.00,387.86,5.55,12.97,58.22,62.53,-80.59,24.09,-0.28,-0.02,17.00,7000.00,-35.00,0.00,0.00
375315.00,2019-07-02 21:32:39.315,28.91,1813.92,0.00,1.51,0.00,2.00,1.00,388.01,5.55,12.78,58.22,62.53,-80.14,24.07,-0.27,-0.04,17.00,7000.00,-35.00,0.00,0.00
375415.00,2019-07-02 21:32:39.415,28.86,1814.74,0.00,1.51,0.00,2.00,1.00,388.19,5.55,12.96,58.22,62.63,-80.14,24.07,-0.28,-0.04,17.00,7000.00,-35.00,0.00,0.00
375515.00,2019-07-02 21:32:39.515,28.77,1815.56,0.00,1.51,0.00,2.00,1.00,388.36,5.55,12.81,58.20,62.63,-79.70,24.07,-0.28,-0.03,17.00,7000.00,-35.00,0.00,0.00
